123
378
391
404
479
575
602
714
781
855
981
1056
1063
1071
1539
1675
1700
1802
1811
1900
1910
2185
2249
2272
2298
2303
2480
2730
2737
2756
2821
2964
2995
3028
3045
3088
3453
3548
3740
3948
3968
3985
4060
4102
4223
4227
4567
4568
4678
4685
4822
5025
5095
5111
5140
5361
5423
5757
5823
5902
5916
6043
6321
6330
6533
6579
6731
6817
7046
7155
7181
7248
7509
7550
7597
7672
7783
7809
7957
8190
8216
8432
8586
8672
8842
8895
8951
8983
9057
9125
9134
9209
9276
9355
9422
9427
9629
9677
9894
9988
10154
10189
10558
10634
10716
10797
10829
10893
11018
11084
11149
11153
11254
11261
11333
11406
11508
11689
11708
11770
12003
12008
12054
12119
12149
12186
12204
12464
12574
12582
12621
12639
13007
13155
13190
13255
13356
13486
13611
13641
13839
13841
13842
13945
13952
14010
14118
14165
14486
14530
14605
14615
14671
14699
14793
14800
14837
14936
14998
15011
15035
15293
15542
15608
15859
16090
16220
16283
16410
16499
16684
16960
17052
17579
17703
17752
17792
18173
18327
18400
18411
18443
18505
18667
19184
19393
19495
19508
19590
19627
19633
19675
19697
19712
19763
19811
19872
19894
20009
20067
20090
20198
20475
20635
20724
20796
20886
21126
21206
21323
21507
21606
21756
21779
21801
21842
21883
21911
21932
22018
22037
22104
22141
22350
22411
22421
22430
22437
22461
22613
22677
22707
22840
22967
23203
23265
23860
23924
23982
24119
24124
24158
24167
24493
24562
24896
24997
25106
25309
25584
25858
26368
26840
26886
26914
27002
27242
27703
27717
27881
27974
28054
28225
28251
28280
28346
28466
28475
28667
28686
28955
28986
28988
29036
29190
29219
29227
29242
29443
29643
29761
29943
29967
29994
30025
30134
30226
30258
30267
30431
30481
30502
30520
30593
30878
30896
31002
31066
31204
31312
31393
31452
31471
31651
31789
31794
31799
31814
32036
32419
32422
32534
32665
32862
32894
32939
32998
33109
33177
33178
33239
33538
33719
33772
33853
33972
34180
34314
34469
34529
34588
34686
34742
34817
35039
35212
35230
35381
35394
35707
35801
35857
35865
36088
36258
36273
36313
36373
36567
36658
36697
36749
36787
36788
36883
36919
37031
37117
37184
37232
37350
37368
37738
37779
37900
37910
37990
38040
38112
38165
38261
38318
38414
38504
38599
38637
38981
39013
39048
39191
39206
39226
39233
39411
39424
39462
39522
39633
39648
39697
39700
39793
39905
39983
40014
40124
40515
40582
40638
40811
40814
41084
41092
41340
41340
41357
41471
41626
42104
42223
42273
42680
43321
43406
43557
43573
43870
43901
43930
43930
43935
43978
44113
44170
44321
44435
44469
44608
44674
44787
44874
44881
45023
45086
45129
45191
45403
45636
45891
46032
46069
46218
46292
46294
46323
46433
46447
46541
46576
46595
46820
46896
46922
46980
47225
47313
47410
47572
47602
47611
47709
47875
48093
48195
48231
48232
48277
48490
48532
48636
48765
48775
48915
48928
48960
49042
49309
49350
49613
49716
49718
49909
49943
50143
50159
50312
50326
50332
50790
50806
50895
50983
51078
51109
51299
51646
51845
52067
52138
52340
52364
52419
52430
52435
52605
52647
52735
52839
52891
52979
53070
53071
53166
53213
53238
53268
53325
53349
53399
53475
53541
54070
54093
54142
54174
54280
54323
54591
54609
54723
54781
54789
54823
55358
55473
55478
55516
55555
55718
55990
55992
56162
56304
56346
56385
56391
56428
56703
56757
56927
57033
57136
57239
57245
57433
57486
57621
57691
58044
58241
58322
58370
58402
58716
58799
58873
58878
58896
58959
59352
59362
59368
59420
59596
59603
59729
59807
59930
59965
59992
60177
60203
60324
60325
60421
60536
60547
60671
60689
60701
61010
61151
61177
61248
61263
61460
61508
61563
61587
61630
61705
61842
61855
61856
61869
62032
62126
62239
62296
62392
62472
62598
62733
62898
63170
63188
63220
63322
63507
63525
63550
63557
63719
63860
63967
64212
64507
64598
64754
64790
64950
65032
65081
65093
65151
65190
65210
65315
65365
65466
65468
65487
65652
65664
65678
65796
65922
65994
66045
66224
66377
66473
66540
66638
66655
66715
66798
66814
66845
66891
66928
66962
67651
67717
68129
68153
68155
68257
68279
68448
68449
68606
68694
68870
68908
68973
69024
69035
69159
69179
69195
69315
69443
69473
69506
69591
69670
69744
69795
69918
69921
69926
70198
70229
70367
70402
70566
70612
70627
70645
70654
70694
70970
71031
71049
71278
71353
71386
71800
71899
71959
71962
72025
72152
72251
72427
72614
72673
72693
72748
72749
72758
72857
72860
72996
73026
73069
73124
73179
73297
73467
73517
73626
73704
73796
73908
73937
74139
74145
74300
74340
74366
74388
74540
74700
74804
74907
74982
75010
75132
75399
75414
75432
75468
75548
75575
75585
75598
75760
75829
76111
76224
76266
76331
76419
76568
76667
76916
77005
77062
77142
77388
77469
77576
77637
78021
78284
78709
78830
78966
78970
79154
79281
79504
79585
79613
79716
79723
79839
79903
79909
80036
80462
80474
80477
80482
80501
80613
80615
80912
80934
81016
81020
81031
81044
81132
81134
81476
81805
81847
81888
82085
82112
82420
82509
82515
82631
82835
82839
82872
82876
82965
82970
83091
83153
83212
83328
83329
83364
83365
83415
83438
83444
83470
83622
83667
83681
83689
83695
83763
83805
83921
83928
83986
84026
84027
84169
84383
84406
84408
84421
84492
84521
84588
84655
84688
84739
84837
85195
85330
85513
85530
85574
85645
85683
85940
85978
85991
86262
86295
86477
86497
86502
86505
86628
86690
86714
86825
86833
86854
86926
87085
87161
87224
87231
87323
87338
87376
87678
87708
87870
87943
87993
88084
88177
88196
88221
88275
88435
88467
88664
88803
89043
89109
89118
89390
89516
89578
89984
90059
90177
90211
90332
90455
90571
90882
90949
91273
91295
91333
91356
91386
91432
91458
91775
91809
91810
91821
91834
91850
91854
91938
91972
91990
92076
92157
92190
92221
92222
92380
92428
92600
92620
92897
92939
92950
93007
93295
93668
93717
93736
93793
94088
94115
94211
94475
94488
94862
94935
95087
95129
95206
95449
95558
95629
95644
95645
95696
95802
95865
95878
95909
95955
96105
96155
96274
96309
96520
96598
96731
96742
96793
96869
96997
97046
97249
97276
97303
97491
97749
97929
97985
98218
98328
98405
98464
98539
98542
98740
98832
98886
98930
99173
99267
99417
99474
99494
99522
99656
99921
99982
100065
100091
100212
100240
100309
100383
100437
100453
100457
100520
100611
100803
100868
101040
101097
101142
101161
101197
101239
101359
101428
101438
101561
101632
101634
101869
101933
101996
101999
102378
102440
102620
102682
102700
103026
103124
103296
103484
103581
103779
104165
104171
104203
104209
104804
104858
104936
105035
105080
105105
105170
105185
105505
105619
105655
105844
105974
106020
106074
106173
106210
106260
106326
106440
106484
106616
106635
106659
106746
106766
106780
106816
106838
107011
107024
107132
107242
107252
107360
107484
107512
107608
107741
107786
107790
107918
107958
107977
107982
108022
108134
108228
108247
108402
108436
108516
108570
108734
108861
108972
109128
109209
109512
109535
109634
109651
109680
109728
109821
110098
110138
110152
110153
110182
110321
110333
110418
110451
110499
110523
110538
110543
110591
110600
110666
110693
110941
111411
111426
111692
111840
111940
111960
111978
112033
112177
112194
112250
112274
112405
112447
112535
112630
112709
112952
113007
113028
113357
113469
113531
113626
113713
114061
114156
114204
114209
114212
114233
114445
114551
114637
114923
114969
115033
115061
115082
115273
115295
115437
115510
115574
115641
115648
115961
116138
116238
116399
116585
116612
116883
116888
116892
116927
116940
117198
117213
117244
117392
117401
117461
117602
117661
117696
117758
117770
117777
117965
118058
118094
118115
118305
118424
118435
118486
118513
118585
118644
118747
118791
118925
118946
119005
119020
119027
119214
119275
119286
119434
119440
119512
119684
119810
119999
120011
120028
120070
120152
120189
120218
120361
120412
120426
120431
120875
120901
120905
121010
121075
121156
121233
121351
121377
121538
121571
121612
121784
121791
122249
122281
122349
122392
122562
122590
122702
122921
123020
123167
123176
123242
123284
123357
123381
123440
123485
123556
123807
123824
123927
124086
124102
124167
124168
124245
124347
124406
124412
124412
124552
125231
125273
125440
125566
125607
125749
125806
126189
126214
126276
126442
126640
126662
126805
126813
126902
127118
127289
127295
127341
127405
127459
127474
127709
127732
127958
128296
128339
128488
128527
128701
128705
128870
128974
129193
129397
129450
129460
129856
129920
129991
130005
130077
130142
130194
130199
130302
130361
130398
130612
130659
130687
130730
130880
130909
131009
131098
131159
131202
131438
131501
131540
131544
131800
132140
132228
132235
132273
132302
132339
132411
132442
132481
132785
132791
132865
132897
132939
132960
133142
133323
133341
133463
133495
133508
133636
133705
133770
133783
133888
133973
134151
134167
134288
134341
134355
134420
134482
134620
134726
134800
134911
134948
134964
134991
135279
135320
135435
135584
135961
135995
136005
136073
136101
136178
136234
136305
136610
136711
136747
136764
136879
137047
137212
137286
137293
137322
137365
137449
137769
137851
137869
138172
138307
138487
138515
138596
138765
138836
139080
139227
139584
139700
139810
139864
139892
139997
140128
140144
140158
140318
140400
140439
140448
140526
140659
140805
140816
140920
140935
141056
141253
141615
141685
141753
141867
142097
142320
142350
142390
142401
142722
142735
142893
142973
143027
143115
143223
143282
143686
143806
143830
143884
144018
144069
144143
144185
144575
144578
144648
144749
144778
144927
145000
145042
145290
145305
145449
145590
145614
145952
146111
146469
146612
146656
146739
146938
147078
147135
147174
147244
147248
147366
147468
147526
147821
147860
148036
148077
148084
148271
148320
148453
148462
148526
148764
149017
149078
149146
149158
149308
149357
149370
149378
149538
149568
149622
149780
149808
149837
149963
150223
150271
150304
150428
150603
150616
150620
150734
150840
150864
151019
151069
151125
151130
151146
151229
151261
151269
151459
151518
151615
151671
151748
151923
151943
152146
152151
152170
152222
152277
152503
152591
152771
152825
152862
152902
152907
153004
153044
153060
153105
153134
153191
153389
153426
153439
153450
153484
153493
153582
153653
153718
153873
154067
154151
154435
154643
154651
154716
154727
154857
154976
155182
155285
155334
155351
155404
155434
155501
155652
155684
155695
155716
155751
155895
156045
156114
156192
156193
156247
156317
156414
156415
156423
156495
156796
156803
156847
156913
157114
157184
157213
157314
157388
157588
157667
157679
157776
157878
157891
157963
157971
158161
158175
158181
158440
158521
158747
158789
159063
159189
159485
159598
159810
159967
159976
160025
160286
160413
160541
160855
160893
160914
160981
161043
161128
161285
161354
161406
161450
161546
161682
161723
161742
161858
161919
161978
162153
162203
162259
162268
162268
162322
162351
162388
162391
162469
162605
162687
162702
162838
162908
162964
162992
163127
163132
163212
163247
163333
163336
163407
163514
163604
163755
163763
163820
163879
163904
163912
163917
163939
164080
164447
164534
164694
164708
164808
164866
164930
165215
165229
165263
165349
165561
165587
165637
165657
165752
165767
165781
165886
165925
165947
166000
166054
166201
166327
166397
166611
166666
166760
166961
167008
167115
167144
167351
167415
167614
167756
167803
167828
167833
168006
168104
168183
168264
168294
168344
168385
168491
168653
168727
168777
168874
168899
168931
168962
169070
169363
169400
169401
169722
169748
169957
169974
169982
170459
170573
170750
170855
171013
171023
171056
171157
171409
171593
171609
171880
171988
172019
172025
172336
172521
172539
172559
172589
172604
172613
172705
172802
172826
172976
173027
173087
173251
173822
173849
173911
174052
174095
174209
174303
174513
174601
174648
174716
174733
174791
174907
174910
174998
175845
175877
176161
176354
176422
176535
176560
176844
176885
176934
176998
177078
177313
177374
177385
177521
177652
177865
178115
178633
178769
178810
178868
178964
179017
179090
179429
179529
179617
179711
179726
179731
179873
179991
180141
180173
180235
180246
180828
181261
181362
181915
181926
181928
182142
182171
182591
182600
182668
182715
182829
182926
183021
183075
183266
183392
183527
183839
183869
184019
184027
184091
184235
184493
184670
184681
184827
184920
185300
185408
185443
185499
185600
185698
185755
185778
186197
186374
186486
186824
186928
186986
187008
187079
187080
187178
187191
187246
187281
187337
187421
187902
187958
187979
188028
188083
188158
188278
188372
188431
188535
188729
188770
189022
189149
189174
189271
189313
189568
189582
189895
189958
190198
190385
190440
190519
190586
190710
191029
191045
191088
191282
191321
191666
191694
191913
192232
192576
192897
193073
193215
193528
193859
193907
194251
194315
194329
194362
194380
194529
194537
194900
195098
195554
195601
195702
195759
195804
196164
196196
196269
196429
196582
196634
196664
196716
196985
197055
197146
197406
197435
197467
197567
197628
197714
197763
197870
197875
197912
198128
198205
198216
198314
198336
198347
198350
198365
198378
198518
198519
198792
198848
199219
199308
199369
199478
199968
199970
199987
200087
200127
200177
200329
200569
200598
200650
200862
200863
200944
200964
201102
201243
201266
201308
201389
201547
201606
201794
201858
201888
201961
201965
201990
202141
202184
202408
202697
202717
202724
202970
203127
203212
203266
203305
203413
203508
203573
203648
203670
203748
203911
203919
203925
204108
204169
204177
204449
204601
204605
204772
204934
205054
205120
205184
205225
205253
205322
205329
205375
205498
205521
205614
205667
205685
205713
205783
205785
205853
205950
206016
206171
206181
206188
206410
206418
206450
206481
206527
206542
206561
206663
206712
206767
206845
206852
206981
206981
207358
207362
207468
207483
207760
207840
207956
207956
208058
208297
208333
208346
208431
208696
208773
208952
208998
209077
209205
209335
209343
209551
209558
209608
209618
209675
209730
209739
209940
210046
210299
210306
210496
210529
210552
210601
211036
211163
211212
211339
211450
211646
211671
211689
211713
211815
211893
211943
212002
212088
212111
212128
212134
212136
212195
213020
213029
213243
213332
213382
213415
213479
213503
213505
213670
213744
213813
213915
214099
214118
214127
214182
214272
214323
214755
214772
214883
215040
215077
215103
215283
215323
215544
215565
215701
215928
215932
215938
215984
216042
216159
216179
216314
216365
216367
216404
216592
216700
216824
217224
217294
217308
217540
217569
217630
217673
218033
218213
218428
218451
218475
218526
218587
218768
218931
219307
219552
219597
219665
219851
219973
219980
220035
220066
220101
220267
220293
220354
220361
220414
220538
220774
220824
221050
221123
221253
221282
221420
221455
221902
222003
222099
222257
222281
222328
222344
222425
222564
222592
222670
222676
222687
222774
222774
223075
223107
223217
223273
223277
223300
223325
223412
223430
223718
223840
224204
224293
224329
224362
225013
225020
225518
225563
225694
225699
225702
225743
226038
226081
226194
226199
226533
226614
226679
226731
226754
226973
227146
227516
227520
227966
227975
228282
228325
228408
228420
228456
228626
228641
228837
229266
229495
229611
229637
229639
229647
229703
229718
229864
229913
229914
230420
230429
230472
230689
230736
230746
230971
230986
231127
231146
231462
231686
231782
231873
231883
231987
232123
232180
232257
232264
232302
232320
232539
232716
232789
232856
233043
233345
233435
233719
233906
233917
233968
234080
234083
234181
234209
234328
234418
234446
234459
234522
234522
234524
234679
234720
234774
234813
234831
235024
235058
235098
235207
235285
235356
235389
235591
235771
235921
236014
236174
236297
236434
236504
236976
237018
237159
237251
237332
237405
237442
237578
237627
237730
238008
238071
238081
238146
238191
238232
238279
238336
238375
238378
238394
238403
238468
238504
238514
238666
238745
238873
238949
239096
239107
239267
239574
239629
239705
239859
240029
240130
240178
240293
240347
240384
240535
240630
240649
240709
240783
240805
240908
240970
240980
241000
241177
241426
241516
241675
241794
241809
241909
242012
242081
242200
242271
242310
242395
242415
242493
242709
242767
243388
243397
243416
243425
243516
243772
243783
243847
243904
244094
244427
244453
244455
244533
244681
244726
244874
244882
244912
244978
245078
245247
245332
245350
245619
245635
245838
245931
246211
246300
246423
246426
246807
246841
246901
246903
246917
247013
247031
247080
247304
247437
247484
247536
247550
247721
247725
247741
248096
248284
248293
248391
248532
248551
248628
248746
248760
249027
249130
249290
249313
249385
249547
249548
249585
249675
249692
249711
249776
249816
250102
250276
250481
250514
250532
250775
250828
251083
251137
251223
251559
251611
251945
252045
252492
252512
252577
252802
252822
252879
253070
253096
253102
253152
253278
253402
253432
253436
253597
253791
253928
254068
254135
254159
254584
254757
254913
254949
254974
254985
255026
255032
255087
255089
255188
255219
255227
255423
255773
255777
255922
255989
256058
256082
256288
256544
256545
256574
256641
256873
256963
257160
257250
257481
257487
257766
257910
258084
258168
258294
258304
258428
258467
258479
258501
258534
258627
258663
258864
259096
259118
259139
259171
259289
259314
259332
259365
259406
259609
259757
259774
259789
259818
259835
259889
260239
260424
260700
260743
260787
261043
261099
261157
261224
261269
261341
261390
261506
261515
261565
261641
261662
261773
262074
262109
262134
262140
262207
262303
262339
262478
262490
262637
262763
262772
262793
262874
262999
263064
263107
263225
263308
263383
263467
263480
263568
263594
263660
263749
263852
263879
263921
263968
263998
264072
264142
264145
264173
264334
264506
264667
264926
265000
265027
265223
265252
265313
265436
265463
265488
265502
265637
265718
265860
265923
266234
266317
266399
266611
266966
266976
267056
267093
267169
267259
267469
267603
267620
267668
267813
267912
267982
268241
268250
268513
268620
268729
269030
269108
269120
269361
269415
269479
269628
269996
270044
270095
270179
270430
270457
270540
270613
270624
270652
270654
270874
270994
271013
271108
271298
271350
271382
271590
271748
271846
271904
271947
271990
272000
272030
272077
272129
272235
272275
272349
272363
272452
272486
272500
272624
272722
272761
272922
273050
273158
273380
273416
273503
273589
273820
273853
274035
274123
274219
274248
274325
274500
274554
274611
274647
274662
274757
274792
274813
274917
275073
275100
275166
275234
275279
275485
275546
275563
275758
276078
276110
276159
276334
276499
276607
276638
276730
276889
276931
276996
277082
277170
277254
277445
277670
277717
277783
277956
278067
278176
278194
278232
278283
278354
278471
278486
278593
278614
278696
278698
278954
279052
279054
279059
279104
279419
279462
279475
279493
279510
279619
279876
280016
280231
280630
280636
280930
281017
281028
281155
281157
281207
281239
281338
281443
281479
281653
281955
282063
282063
282181
282251
282320
282436
282583
282774
282778
282778
282891
282967
283232
283377
283416
283527
283586
283593
283788
283804
283914
283928
284075
284078
284179
284215
284283
284310
284322
284412
284450
284549
284621
284628
284786
284849
284947
285125
285134
285142
285280
285515
285637
285669
285672
285772
285811
285848
285969
286021
286026
286084
286148
286177
286178
286386
286436
286562
286562
286660
286906
286956
286957
287054
287416
287431
287454
287575
287680
287787
287790
287811
287920
288006
288249
288352
288408
288422
288579
288589
288678
288867
288948
289001
289254
289259
289297
289314
289446
289448
289730
289828
290023
290414
290513
290524
290617
290685
290735
290986
291005
291009
291158
291496
291524
291596
291719
291883
291947
291978
292074
292089
292214
292484
292488
292495
292519
292588
292811
292858
292958
293082
293236
293276
293407
293428
293574
293650
293688
293826
293887
294040
294165
294211
294319
294370
294413
294456
294499
294624
294698
294741
294877
294906
295047
295230
295366
295400
295544
295728
295742
295771
295807
295813
295844
295975
295992
296017
296031
296075
296079
296205
296366
296767
296807
296925
297112
297218
297229
297456
297587
298026
298027
298176
298206
298250
298309
298434
298572
298689
298722
298981
299005
299033
299153
299563
299599
299765
300026
300127
300274
300306
300389
300429
300435
300459
300559
300713
301069
301188
301446
301518
301578
301670
301678
301749
301840
301940
302048
302149
302304
302324
302389
302441
302660
302739
302780
302930
302960
303135
303177
303250
303295
303490
303559
303577
303592
303627
303741
303774
303827
304070
304075
304086
304279
304328
304400
304556
304618
304694
304738
304991
305191
305204
305254
305363
305380
305382
305399
305481
305542
305594
305774
305902
305926
306062
306097
306717
306730
306758
306972
307022
307048
307348
307563
307623
307685
307850
307928
307986
308050
308069
308125
308130
308517
308521
308878
308960
309291
309699
309786
309856
310008
310245
310373
310440
310483
310587
310666
310700
310829
311135
311321
311462
311519
311573
311581
311611
311649
311731
311872
311973
312129
312213
312278
312379
312402
312540
312755
313103
313201
313310
313540
313541
313602
313612
313663
313723
313752
313826
313843
313950
314060
314219
314246
314275
314396
314422
314519
314664
314715
314726
314797
314884
314949
315021
315026
315066
315115
315157
315159
315189
315198
315235
315398
315498
315557
315986
316070
316203
316242
316416
316507
316643
316735
316917
317180
317242
317343
317371
317529
317786
318081
318081
318087
318168
318286
318295
318598
318655
318677
318764
318768
318915
319178
319242
319365
319376
319577
319590
319736
319838
320401
320470
320472
320490
320759
320867
320919
320970
320978
321008
321051
321077
321141
321507
321511
321964
322003
322039
322087
322165
322210
322251
322317
322318
322487
322689
322734
322959
322961
323033
323234
323259
323296
323318
323365
323658
323848
323888
323892
323943
324141
324193
324248
324368
324417
324478
324767
324775
325040
325130
325181
325296
325426
325626
325636
325638
325678
326089
326107
326159
326194
326292
326351
326395
326435
326507
326682
326787
326854
326937
327019
327063
327104
327184
327370
327471
327529
327549
327891
327900
327912
327955
328090
328144
328187
328236
328277
328305
328323
328351
328516
328579
328634
328783
328819
328841
328871
329116
329468
329522
329650
329878
329987
330139
330243
330252
330305
330382
330500
330563
330661
330670
330845
330896
330946
330971
331067
331117
331358
331372
331385
331490
331506
331594
331722
331811
331812
332376
332440
332454
332492
332588
332653
332766
333018
333055
333156
333339
333365
333375
333403
333635
333645
333755
333806
333936
334083
334108
334178
334369
334397
334704
334726
334885
334944
334989
334995
335211
335275
335363
335496
335535
335615
335770
335826
335881
335889
335947
335984
336224
336237
336240
336456
336464
336549
336581
336671
336730
336748
336845
336996
337232
337236
337238
337307
337724
337749
337813
337907
337988
338027
338281
338378
338413
338539
338690
338707
339059
339249
339359
339475
339529
339643
339838
339905
339963
340033
340120
340208
340255
340301
340339
340802
340850
340870
340952
341299
341330
341447
341481
341515
341568
341636
341677
341710
341728
341769
341786
341824
341946
341955
341988
342214
342520
342581
342622
342697
342783
342793
343025
343025
343085
343099
343115
343203
343337
343364
343524
343550
343623
343784
343854
343888
344063
344135
344195
344203
344233
344306
344611
344633
344649
344678
344795
345076
345177
345261
345264
345341
345344
345380
345524
345593
345650
345763
345885
346005
346117
346171
346219
346316
346362
346510
346548
346606
347329
347441
347640
347845
348077
348109
348189
348562
348736
348736
348758
348806
349134
349143
349170
349265
349309
349331
349498
349555
349574
349808
349890
350063
350399
350445
350453
350502
350503
350542
350786
350890
351045
351100
351124
351371
351470
351473
351525
351801
351889
352027
352169
352278
352326
352349
352436
352483
352673
352693
352717
352733
352756
352948
352997
353088
353246
353333
353678
353786
353916
354101
354191
354218
354238
354334
354511
354609
354935
355016
355064
355090
355170
355182
355188
355220
355240
355241
355265
355300
355696
356292
356317
356384
356566
356648
356817
356867
357008
357259
357451
357458
357492
357589
357817
358038
358043
358059
358092
358123
358128
358162
358188
358262
358396
358432
358695
358745
358797
358983
359081
359209
359220
359258
359302
359439
359512
359638
359689
359718
359814
359964
360023
360395
360514
360561
360637
360685
360710
360771
360806
360860
360874
360960
361258
361324
361336
361400
361540
361544
361716
362097
362103
362168
362213
362216
362610
362873
362956
362969
362980
363022
363232
363354
363396
363579
363610
363641
363732
363929
363947
364030
364045
364109
364168
364271
364294
364330
364356
364565
364605
364615
364664
364803
364874
364905
365195
365265
365315
365336
365361
365558
365782
365973
366040
366087
366098
366427
366531
366558
366865
366920
367093
367218
367444
367612
367660
367673
367724
367810
367991
368011
368096
368227
368244
368531
368561
368687
368695
368944
369022
369075
369219
369275
369787
369919
370065
370111
370131
370246
370306
370423
370505
370569
370992
371244
371298
371361
371370
371579
371664
371711
371997
372097
372212
372255
372332
372362
372415
372456
372528
372541
372867
372893
372985
373182
373225
373376
373522
373526
373548
373591
374111
374148
374292
374318
374383
374515
374576
374702
374785
374924
374926
374929
375114
375118
375123
375143
375242
375508
375707
376078
376133
376413
376835
376844
376944
376966
377084
377146
377230
377281
377387
377393
377450
377485
377703
378147
378304
378339
378377
378900
378952
378967
378969
379089
379163
379339
379377
379419
379425
379485
379506
379666
379727
379899
379938
379975
380106
380114
380312
380360
380367
380437
380490
380598
380621
380850
380951
381119
381221
381296
381306
381458
381514
381571
381671
381685
381897
382089
382145
382410
382473
382510
382536
382923
383003
383013
383106
383134
383389
383487
383594
383925
383977
384038
384119
384430
384471
384535
384568
384622
384659
384685
384769
384795
384812
384865
385010
385032
385186
385303
385497
385637
385657
385686
385804
385842
385930
385949
385986
386203
386242
386269
386330
386450
386506
387113
387226
387256
387370
387477
387493
387520
387860
387966
388041
388099
388112
388115
388145
388564
388630
388681
388697
388736
388743
388749
388762
388785
388902
389047
389062
389068
389323
389441
389600
389624
389647
389672
389833
389895
390036
390078
390230
390235
390238
390275
390325
390449
390479
390597
390654
390758
390806
390886
391012
391105
391267
391371
391459
391468
391688
391704
391754
391820
391871
392116
392155
392172
392258
392265
392319
392554
392662
392783
392815
393106
393293
393325
393348
393588
393741
394071
394160
394324
394398
394400
394416
394478
394538
394596
394625
394643
394751
394770
395117
395365
395477
395632
395672
395854
395927
395928
395931
396172
396288
396411
396613
396891
396947
396998
397155
397408
397428
397440
397622
397646
397900
398072
398087
398135
398205
398378
398519
398533
398613
398916
399119
399223
399330
399527
399538
399624
399917
400096
400114
400148
400177
400208
400354
401000
401109
401127
401135
401159
401180
401248
401311
401473
401641
401661
401760
401841
401868
401963
401989
402013
402023
402130
402332
402399
402519
402665
402704
402917
402917
403020
403076
403129
403142
403228
403513
403597
403736
403911
403923
403949
404178
404311
404383
404393
404452
404481
404514
404556
404624
404689
404728
404794
404967
405124
405244
405373
405392
405458
405549
405648
405655
406094
406523
406543
406633
406767
406860
406895
407054
407523
407738
407821
408132
408166
408204
408254
408294
408387
408531
408607
408682
408937
408970
408976
409063
409126
409181
409268
409285
409298
409364
409401
409526
409641
409795
409835
409891
409964
409966
410170
410291
410488
410497
410509
410535
410747
410749
410798
410904
411098
411135
411160
411222
411381
411850
412008
412066
412087
412261
412379
412571
412655
412695
412802
413010
413276
413579
413629
413633
413654
413819
413860
414008
414244
414270
414551
414659
414705
414856
414888
414903
415027
415068
415132
415309
415526
415928
415938
415968
416000
416356
416545
416603
416670
416684
416727
416871
416928
416978
417288
417333
417357
417420
417560
417621
417805
418013
418205
418557
418580
418598
418652
418729
418779
418867
418937
419203
419329
419486
419679
419733
419773
419892
419940
419995
420018
420066
420174
420423
420515
420684
420713
420863
421038
421042
421150
421160
421185
421502
421557
421559
421593
421622
421720
421842
421856
421953
422099
422100
422447
422584
422759
422787
422803
422960
423093
423213
423292
423323
423374
423495
423560
423598
423806
423962
424081
424103
424145
424247
424284
424304
424364
424385
424410
424703
424753
424775
424932
425009
425085
425088
425234
425485
425501
425716
425889
425889
425928
425933
426371
426386
426461
426508
426820
426958
426958
426986
427462
427485
427590
427619
427661
427766
427900
428164
428361
428378
428430
428517
428581
428777
428885
428993
429442
429469
429690
429758
429983
430091
430172
430225
430328
430374
430383
430494
430555
430975
431021
431049
431087
431167
431189
431246
431416
431704
431767
431798
431820
431994
432031
432100
432230
432236
432430
432467
432496
432842
432844
432858
432962
433006
433070
433129
433232
433325
433377
433413
433455
433486
433496
433753
434025
434058
434129
434575
434750
434774
434790
434883
434897
434924
434993
434997
435258
435343
435763
435820
435909
436048
436057
436150
436163
436230
436257
436318
436399
436490
436583
436744
436837
436866
437029
437174
437357
437358
437512
437663
437667
437778
437885
437986
438041
438195
438232
438532
438544
438696
438764
438781
439153
439273
439325
439330
439429
439478
439484
439668
439669
439848
440088
440101
440365
440460
440609
440618
440756
440857
440861
441597
441682
441823
441977
442242
442245
442254
442286
442346
442428
442468
442536
442711
442839
442906
442959
443032
443065
443083
443182
443216
443220
443337
443343
443431
443492
443631
443696
443712
443902
443911
444049
444244
444285
444328
444421
444566
445112
445213
445263
445573
445686
445707
445835
445864
445865
445899
446014
446243
446423
446496
446517
446568
446651
446702
446800
446899
447166
447393
447398
447574
447629
447772
447957
448022
448121
448163
448485
448671
448888
448942
449252
449361
449485
449708
450110
450284
450334
450343
450456
450549
450718
450837
450931
451027
451059
451131
451187
451264
451365
451620
451694
451815
452033
452209
452305
452306
452392
452525
452533
452680
452762
452950
453044
453247
453248
453556
453690
453692
453708
453799
453812
453826
453999
454178
454181
454264
454281
454467
454473
454710
454802
454820
454887
454890
454982
455034
455042
455257
455268
455309
455476
455591
455626
455646
455889
456080
456353
456422
456502
456577
456738
456845
456871
456983
457096
457258
457316
457443
457494
457517
457548
457880
457961
458020
458206
458212
458229
458298
458309
458343
458402
458411
458513
458700
458778
458783
458931
458970
458979
459107
459282
459299
459330
459377
459514
459941
460043
460286
460460
460536
460717
461021
461218
461389
461521
461742
461802
461848
461924
461968
461990
462029
462150
462223
462440
462444
462501
462650
462769
462829
462856
462975
463208
463252
463345
463394
463422
463698
463794
463971
464141
464157
464200
464315
464341
464479
464544
464593
464693
464711
464777
464827
464890
464949
465055
465114
465198
465394
465668
465826
465885
465890
465908
466226
466317
466378
466484
466616
466748
467061
467307
467361
467423
467639
467651
467803
467941
467956
467970
468036
468096
468207
468240
468292
468310
468427
468619
468762
469153
469233
469555
469664
469841
469919
470032
470242
470256
470300
470362
470667
470683
470817
470891
471051
471099
471283
471437
471588
471721
471943
471987
471991
472008
472317
472369
472419
472470
472497
472541
472809
472852
472855
473103
473217
473381
473435
473474
473608
473934
474054
474578
474597
474741
474861
474878
474907
474963
475572
475604
476054
476060
476195
476229
476519
476671
476674
476968
476977
476998
477371
477482
478191
478204
478217
478225
478289
478298
478316
478450
478660
478673
479035
479133
479146
479218
479239
479385
479501
479546
479627
479795
479907
479938
480368
480506
480564
480612
480647
480670
480777
481023
481110
481135
481203
481273
481599
481690
481732
482115
482324
482446
482574
482699
482747
482772
482813
482929
482963
483106
483109
483260
483374
483399
483579
483930
484267
484275
484297
484360
484434
484489
484618
484677
484716
484847
484953
485041
485045
485105
485471
485812
486214
486340
486365
486373
486377
486482
486666
486672
486767
486862
486887
486930
487068
487278
487321
487374
487432
487523
487695
487709
487811
487890
488046
488064
488100
488126
488198
488427
488439
488463
488549
488598
488650
488843
488968
488983
488993
489230
489305
489794
489916
489944
490000
490078
490140
490294
490296
490432
490471
490576
490913
490916
490970
491082
491083
491129
491150
491515
491595
491714
491745
491847
491877
491926
492243
492379
492385
492540
492625
492756
492772
492779
492824
492920
492924
493012
493331
493384
493449
493476
493555
494096
494142
494337
494425
494469
494602
494673
494832
494914
494934
494963
495003
495084
495212
495224
495269
495520
495560
495596
495598
495729
495787
495827
496089
496113
496190
496284
496298
496413
496510
496535
496566
496608
496763
496794
496855
496886
496983
496997
497019
497368
497377
497635
497636
497871
498261
498266
498319
498529
498687
498694
498735
498798
498831
498954
499087
499101
499413
499477
499709
499791
499820
499888
499913
500069
500213
500224
500449
500494
500542
500709
500758
500806
500967
500981
500992
501085
501096
501102
501153
501154
501307
501340
501363
501471
501597
501600
501747
501918
502251
502423
502429
502604
502703
502708
502723
502731
502841
503060
503250
503257
503426
503516
503517
503621
503677
503706
503911
504003
504117
504135
504343
504419
504435
504471
504473
504503
504586
504655
504670
504682
504691
504706
504824
504997
505150
505253
505461
505468
505783
505833
505934
506275
506437
506443
506505
506553
506667
506974
507039
507128
507176
507325
507514
507518
507554
507652
507707
507742
507939
508151
508194
508344
508626
508701
508745
508761
508854
508857
508868
508880
508970
509019
509081
509116
509126
509148
509169
509397
509513
509635
509642
509937
509943
509986
510277
510320
510403
510520
510591
510817
510892
511061
511098
511162
511248
511477
511576
511663
511772
511794
512142
512193
512204
512227
512334
512391
512532
512538
512686
512702
512707
512715
512851
512865
513089
513110
513700
513702
513741
513931
513986
514132
514151
514182
514217
514218
514330
514418
514479
514564
514832
514908
514921
514927
514929
515010
515074
515090
515123
515200
515325
515523
515579
515726
515748
516061
516068
516332
516520
516543
516688
516808
516827
516914
517001
517187
517385
517426
517461
517655
517663
517740
518024
518080
518369
518378
518422
518433
518456
518502
518567
518567
518584
518587
518970
519010
519351
519467
519505
519533
519629
519829
520105
520123
520169
520189
520304
520457
520470
520472
520518
520542
520552
520558
520586
520645
520723
521085
521133
521177
521343
521497
521503
521511
521609
521697
521749
521808
521991
521996
522000
522011
522030
522039
522217
522457
522526
522566
522594
522769
522807
522828
522885
523185
523270
523349
523486
523570
523576
523579
523681
523687
523691
523763
523787
523816
523843
523864
523923
523929
523983
524077
524174
524392
524424
524432
524525
524648
524708
524916
524984
525102
525179
525247
525525
525734
525868
526013
526220
526225
526309
526310
526312
526329
526453
526480
526481
526494
526616
526651
526708
526766
526794
526901
526921
527204
527294
527473
527486
527518
527567
527728
527825
528020
528037
528153
528232
528279
528500
528527
528601
528618
528625
528742
529012
529135
529343
529383
529427
529501
529511
529614
529756
529762
529974
529987
530159
530350
530380
530550
530595
530679
530700
530821
530855
530953
531042
531152
531361
531504
531632
531735
531918
532042
532181
532261
532264
532363
532382
532394
532422
532440
533013
533113
533253
533295
533742
533774
533802
533987
534069
534086
534117
534183
534218
534365
534439
534449
534552
534588
534600
534719
534977
535063
535252
535274
535458
535502
535521
535554
535631
536060
536209
536251
536583
536636
536737
536769
536852
536955
537013
537188
537306
537420
537440
537465
537518
537542
537591
537688
537761
537818
538011
538175
538450
538522
538550
538631
538802
538937
538968
539093
539153
539228
539240
539399
539493
539509
539584
539828
539843
539857
539917
539953
540327
540422
540459
540560
540762
540793
540929
541102
541417
541489
541595
541616
541632
541765
541803
541871
541885
541886
541934
542103
542361
542397
542603
542760
542894
542910
542961
543052
543106
543325
543401
543537
543552
543730
543934
543949
543970
544008
544052
544082
544229
544357
544394
544419
544475
544535
544547
544549
544571
544647
544706
544741
544761
544934
544941
545066
545342
545458
545476
545729
545787
545848
545925
545970
546068
546075
546086
546166
546234
546341
546359
546404
547006
547111
547364
547370
547668
547762
547783
547871
548018
548076
548158
548342
548348
548364
548460
548507
548660
548667
548773
548881
548951
549038
549072
549167
549287
549288
549568
549810
549862
550027
550050
550404
550483
550568
550731
550896
551012
551208
551425
551452
551639
551643
551777
551856
551884
551924
552023
552073
552089
552253
552389
552565
552602
552609
552632
552831
553027
553162
553213
553375
553495
553521
553732
553885
553986
554125
554138
554232
554372
554378
554396
554574
554591
554701
554928
555018
555239
555283
555329
555431
555565
555762
556272
556291
556572
556625
556806
556971
556980
557069
557269
557590
557609
557647
557833
557935
558079
558093
558137
558237
558352
558406
558459
558756
558758
558793
558801
558835
558868
558902
558952
558972
558985
559127
559153
559282
559359
559617
559817
559822
559990
560118
560319
560756
560847
560944
561049
561106
561158
561350
561469
561503
561510
561513
561589
561600
561876
561974
561999
562188
562193
562243
562330
562442
562454
562529
562618
562954
562977
563201
563299
563303
563388
563621
563941
563961
563967
564130
564325
564447
564521
564561
564838
564841
564877
564877
564880
564974
564980
565079
565080
565186
565189
565306
565544
565653
565664
565776
565841
565857
565865
566005
566433
566468
566527
566533
566636
566686
566833
567176
567181
567182
567210
567231
567388
567428
567472
567593
567638
567725
567776
567782
567947
568091
568371
568395
568613
568653
568700
568758
568768
568823
568896
569132
569541
569593
569757
569818
569938
569945
569963
570152
570254
570338
570411
570412
570546
570715
570718
570739
570775
570909
571066
571094
571254
571492
571527
571560
571822
571913
571927
571936
572025
572028
572133
572151
572248
572335
572375
572485
572535
572618
572655
572660
572715
572929
573044
573125
573432
573578
573655
573707
573734
573743
573755
573757
573828
574141
574141
574183
574211
574242
574280
574463
574513
574823
575059
575084
575154
575517
575558
575571
575590
575669
575724
575987
576095
576118
576135
576231
576361
576563
576565
576637
576672
576714
576772
576817
576857
576862
576883
577004
577259
577357
577526
577583
577763
577962
577991
578096
578131
578653
578849
578929
578942
578945
579115
579168
579188
579193
579235
579427
579476
579682
579766
579770
579961
580025
580180
580406
580614
580667
580712
580879
580901
581059
581071
581098
581120
581161
581194
581201
581265
581411
581697
581699
581718
581810
581901
581959
582020
582049
582196
582219
582245
582333
582391
582435
582602
582655
582680
582725
582906
582925
583100
583122
583207
583305
583325
583597
583711
583711
583833
583861
583953
584233
584245
584360
584516
584517
584519
584538
584587
584671
584770
584837
584917
585035
585145
585384
585435
585569
585863
585950
585956
586078
586163
586177
586316
586321
586334
586348
586405
586625
586635
586680
586983
587067
587194
587217
587262
587291
587322
587396
587415
588071
588271
588292
588367
588456
588549
588599
588718
588767
588964
589088
589167
589193
589328
589369
589372
589378
589423
589504
589667
589820
589897
590035
590091
590092
590093
590120
590152
590199
590424
590487
590522
590695
590745
590816
590872
591042
591048
591073
591269
591484
591545
591582
591661
591701
591736
591886
592053
592378
592383
592470
592552
592703
592705
592767
592792
592830
592856
592889
593022
593073
593241
593354
593380
593434
593728
593791
593807
593886
593958
594122
594213
594266
594493
594548
594553
594613
594779
594811
594907
594931
594975
595228
595408
595526
595538
595541
595588
595729
595759
595759
595867
595920
596073
596149
596320
596347
596499
596513
596626
596899
596972
596984
597199
597254
597374
597442
597593
597675
597687
597693
597786
597873
597902
597986
598089
598280
598473
598492
598629
598724
598956
599026
599119
599133
599208
599233
599251
599253
599255
599295
599374
599816
599968
600005
600070
600105
600209
600247
600317
600593
600640
600707
600711
600800
600810
600814
600879
600882
600950
600962
601039
601041
601205
601212
601434
601447
601581
601671
601702
601751
601861
602158
602482
602483
602498
602530
602607
602739
602785
602847
602910
602940
603000
603006
603073
603074
603109
603201
603223
603248
603284
603631
603743
603911
603990
604138
604256
604269
604310
604372
604413
604466
604539
604564
604623
604724
604934
605093
605103
605123
605252
605380
605400
605542
605577
605809
606031
606190
606199
606299
606389
606443
606470
606868
606888
606927
606938
606999
607032
607033
607076
607086
607136
607266
607348
607400
607667
607771
607949
608196
608335
608376
608422
608532
608778
609026
609028
609111
609433
609452
609577
609582
609601
609606
609640
609805
609890
609976
609993
610006
610153
610160
610223
610229
610462
610512
610721
611104
611217
611237
611276
611295
611617
611703
611914
611970
612010
612141
612151
612221
612406
612492
612508
612662
612831
612881
612896
613006
613077
613287
613442
613507
613524
613556
613577
613580
613600
613651
613865
614002
614009
614022
614085
614165
614239
614390
614585
614641
614653
614703
614792
614823
615075
615109
615186
615222
615301
615331
615381
615683
615778
615798
615815
615876
615935
616505
616727
616738
616969
617028
617503
617555
617593
617685
617810
617831
618145
618227
618253
618424
618637
618750
618789
618867
618956
619026
619035
619092
619130
619150
619398
619399
619524
619697
619725
619732
619842
619877
619960
620092
620277
620424
620442
620482
620576
620858
621144
621413
621538
621588
621616
621621
621637
621646
621666
621757
621885
621941
621952
622003
622034
622046
622072
622075
622398
622431
622486
622486
622782
622841
622929
623060
623429
623496
623538
623624
623665
623830
623890
624133
624172
624631
625038
625175
625223
625230
625261
625422
625460
625504
625581
625641
625648
625722
625886
625923
626007
626022
626512
626567
626631
626769
626788
626805
626810
626915
626949
627081
627190
627364
627684
627718
627782
627795
627799
627965
627996
628075
628160
628168
628204
628244
628416
628541
628591
628592
628732
628772
628787
628973
628974
629040
629210
629214
629262
629589
629620
629894
629901
629929
629955
630060
630090
630308
630417
630716
630838
630948
631078
631184
631504
631523
631527
631527
631581
631735
631782
631939
631943
632097
632456
632508
632661
632684
632823
632908
633087
633104
633234
633302
633371
633375
633399
633406
633556
634160
634300
634365
634514
634727
634996
635014
635201
635292
635315
635347
635464
635696
635759
635869
635892
635937
636026
636131
636170
636283
636356
636429
636450
636857
636893
637064
637147
637217
637317
637497
637613
637675
637695
637713
637873
637997
638359
638538
638633
638636
638638
638662
638680
638740
638934
638989
639092
639096
639160
639570
639667
639741
639758
639886
640097
640133
640161
640186
640267
640269
640366
640420
640420
640639
640952
640968
641006
641078
641182
641203
641370
641391
641398
641606
641665
641844
642021
642068
642090
642105
642117
642121
642140
642189
642271
642273
642409
642436
642441
642736
642823
642835
642917
642926
642967
643090
643096
643181
643184
643189
643290
643342
643387
643413
643465
643474
643478
644015
644082
644085
644172
644181
644261
644367
644489
644624
644770
644930
644962
644965
645212
645304
645325
645404
645503
645532
645549
645692
645742
645860
646076
646148
646267
646300
646698
646969
647115
647124
647155
647222
647468
647495
647552
647578
647699
647771
647933
648108
648187
648362
648393
648497
648569
648670
648772
648934
648942
649053
649092
649098
649236
649508
649638
649719
649776
649880
649939
649975
649987
650442
650522
650598
650605
650625
650661
650712
650966
651007
651156
651162
651564
651564
651566
651567
651642
651966
652041
652157
652163
652189
652218
652443
652479
652662
652684
652693
652742
652883
652966
653005
653189
653249
653459
653477
653559
653573
653651
653656
653901
654019
654071
654088
654107
654230
654282
654387
654666
654859
655070
655133
655145
655193
655209
655277
655317
655345
655389
655488
655606
655645
655754
656153
656283
656318
656426
656658
656683
656747
656922
657083
657097
657097
657152
657433
657531
657586
657670
657728
657936
657953
658000
658290
658403
658445
658595
658602
658659
658708
658709
658724
658735
658821
658931
659201
659281
659454
659501
659655
659740
660038
660334
660480
660632
660733
660868
660919
660970
661013
661046
661054
661240
661259
661276
661287
661322
661560
661594
661601
661790
661834
661884
661892
662056
662227
662440
662489
662524
662870
662885
662997
663103
663314
663522
663559
663770
663798
663828
663979
664114
664133
664291
664516
664584
664738
664910
665115
665233
665352
665603
665755
665768
665822
665973
666106
666265
666427
666435
666447
666557
666578
666594
666912
667138
667283
667342
667356
667407
667456
667514
667566
667722
667763
667778
667868
667998
668133
668228
668250
668312
668450
668525
668654
668929
668993
669112
669132
669150
669222
669229
669545
669611
670042
670167
670370
670509
670684
670802
670820
670845
671002
671250
671348
671406
671435
671487
671552
671910
672037
672068
672114
672315
672321
672346
672566
672612
672677
672769
672894
673004
673030
673060
673085
673184
673184
673209
673209
673226
673540
673663
673715
673806
674013
674074
674096
674127
674252
674388
674459
674556
674591
674596
674708
674738
674807
674873
674933
674965
675277
675317
675354
675775
676134
676440
676578
676609
676697
676701
676791
676943
676969
676979
677002
677107
677149
677287
677326
677413
677427
677553
677613
677655
677706
677721
677820
678362
678409
678438
678483
678525
678556
678664
678700
678788
678884
678912
678914
678926
679005
679356
679431
679570
679679
679680
679818
679899
679909
680060
680149
680190
680211
680278
680286
680291
680358
680595
680651
680932
681060
681184
681292
681494
681840
681894
681961
681989
682082
682147
682397
682427
682476
682489
682575
682583
682616
682633
682898
682950
682957
683525
683609
683836
683997
684100
684380
684466
684480
684799
684836
684884
684900
685097
685149
685183
685225
685250
685410
685415
685494
685810
685972
686031
686245
686258
686475
686634
686714
686825
687132
687155
687233
687340
687375
687402
687613
687677
687739
687912
687926
687974
687980
688156
688331
688575
688648
688663
688783
688853
688858
689027
689277
689319
689336
689667
689815
689819
689998
690131
690438
690520
690521
690539
690567
690568
690648
690699
690727
690764
690853
691084
691124
691222
691257
691510
691576
691838
691874
692034
692364
692485
692506
692593
692605
692658
692821
692834
692886
692897
693008
693009
693151
693206
693301
693420
693485
693501
693535
693575
693588
693836
693981
694066
694278
694278
694291
694436
694516
694591
694610
694619
694668
694791
694814
694823
694831
694844
694949
695082
695252
695287
695389
695402
695488
695563
695569
695602
695654
695907
695931
696012
696061
696172
696267
696310
696358
696391
696445
696446
696497
696531
696599
696631
696638
696865
696958
697006
697073
697107
697126
697184
697187
697231
697355
697697
697826
697938
697971
698131
698261
698347
698374
698417
698657
698855
698877
699102
699234
699465
699525
699562
699583
699686
699719
700133
700156
700237
700301
700325
700442
700509
700518
700580
700732
700773
700828
700874
701065
701067
701121
701201
701226
701289
701354
701438
701471
701630
701704
701771
701963
701995
702038
702105
702176
702206
702341
702548
702631
702682
702796
703121
703430
703433
703579
703894
703901
703903
703935
703980
704375
704416
704583
704618
704641
704812
704998
705006
705310
705330
705547
705990
706000
706038
706093
706157
706175
706419
706568
706577
706825
706832
706955
706955
706994
706998
707109
707261
707405
707692
707799
707968
707968
708003
708304
708310
708410
708433
708507
708615
708631
708729
708820
708821
708833
709162
709252
709360
709415
709506
709619
709657
709691
709718
709734
709745
709790
709807
709907
709931
710099
710247
710585
710692
710701
710894
710910
711283
711351
711477
711632
711665
711923
711997
712036
712277
712337
712365
712492
712617
712619
712638
712706
712984
712998
713062
713084
713144
713170
713190
713286
713707
713878
714267
714293
714456
714670
714863
714886
714985
714999
715003
715145
715215
715221
715221
715257
715293
715482
715595
715602
715605
715666
715787
715922
715952
716101
716233
716237
716338
716526
716558
716644
716728
716853
716877
717006
717152
717575
717614
717618
717624
717756
717850
717891
717962
717982
718230
718304
718423
718517
718553
718608
718745
719018
719027
719221
719231
719457
719523
719684
719751
719829
719886
719963
720149
720229
720315
720639
720784
720843
720866
721091
721125
721142
721322
721398
721403
721661
721800
721929
721968
721989
722149
722355
722775
722854
722979
723004
723363
723403
723579
723915
723966
723992
724401
724448
724465
724661
724671
724741
724906
725051
725064
725274
725333
725396
725397
725412
725437
725620
725811
726090
726190
726199
726202
726331
726729
727092
727428
727469
727801
727805
727814
727882
727888
727889
728053
728182
728287
728643
728703
728750
729072
729110
729293
729385
729859
729977
730005
730181
730326
730333
730391
730473
730548
730722
730781
730819
730878
730888
730919
731049
731100
731166
731176
731315
731325
731367
731417
731506
731531
731804
731858
731886
731887
731937
731988
732095
732112
732449
732670
733164
733354
733723
733851
733870
733998
734011
734061
734070
734165
734261
734413
734500
734561
734665
734689
734779
734820
734821
734897
735057
735159
735162
735219
735220
735280
735345
735404
735677
735734
735916
735954
736080
736181
736282
736302
736304
736384
736546
736618
736978
737048
737078
737143
737145
737195
737237
737534
737726
737820
737821
737825
737918
738151
738170
738204
738275
738288
738483
738550
738586
738625
738678
738744
738782
738941
738943
738999
739102
739115
739194
739292
739322
739323
739335
739557
739678
739732
739738
740035
740052
740129
740131
740144
740191
740284
740293
740319
740321
740578
740625
740725
740786
740907
741132
741160
741196
741316
741321
741339
741540
741712
741721
741747
741795
741980
742207
742243
742380
742525
742609
743083
743094
743150
743211
743272
743477
743531
743764
743824
743983
744516
744646
744988
745243
745295
745300
745312
745353
745366
745427
745486
745652
745716
745742
746003
746025
746040
746087
746089
746145
746148
746319
746362
746836
746996
747125
747129
747196
747262
747303
747319
747335
747512
747671
747676
748069
748151
748599
748663
748754
748768
748857
748876
748910
748916
748959
749156
749175
749195
749267
749574
749582
749673
749685
749740
749766
749778
749850
749852
750012
750024
750143
750209
750374
750581
750635
750690
750737
751008
751076
751115
751134
751167
751280
751382
751403
751523
751569
751630
751985
752155
752159
752426
752496
752504
752543
752637
752662
752751
752791
752850
752857
752863
752997
753257
753296
753395
753515
753536
753597
753648
753663
753670
753876
754025
754057
754142
754176
754199
754225
754286
754498
754541
754662
754851
754993
755053
755071
755127
755222
755543
755839
755933
755948
755986
756022
756024
756069
756085
756174
756231
756304
756375
756391
756430
756452
756483
756507
757009
757027
757136
757310
757340
757357
757376
757419
757461
757660
757694
757810
757913
757996
758045
758180
758321
758582
758614
758848
758874
758899
759091
759099
759189
759285
759392
759505
759529
759575
759599
759649
759759
759973
759990
760173
760397
760430
760607
760648
760765
760767
760772
760874
760956
760999
761088
761185
761321
761418
761471
761491
761509
761525
761598
761624
761706
761892
761906
762091
762211
762212
762236
762410
762422
762570
762571
762589
762680
762689
762818
762831
762924
763008
763036
763082
763168
763191
763193
763231
763336
763440
763450
763511
763583
763683
763727
764187
764238
764377
764424
764664
764672
764675
764708
764738
764772
764796
764827
764927
765118
765129
765338
765339
765364
765380
765443
765465
765569
765585
765731
765787
765892
765976
766001
766066
766217
766230
766962
766974
767031
767103
767126
767182
767355
767398
767400
767408
767460
767595
767819
767830
768031
768222
768481
768642
768825
768893
768899
768944
768948
769028
769346
769432
769663
769975
770005
770049
770131
770315
770344
770469
770631
770637
770693
770817
770829
771021
771066
771154
771205
771346
771525
771635
771712
771773
771807
771839
772149
772171
772298
772360
772371
772412
772418
772491
772578
772636
772789
772803
772962
772997
773145
773147
773252
773404
773527
773674
774044
774065
774110
774140
774601
774605
774676
774685
774712
774793
774862
775058
775152
775322
775505
776014
776082
776114
776126
776387
776417
776684
776785
776826
776837
776909
776929
776942
776979
777061
777095
777294
777393
777410
777510
777682
777765
777868
777898
777972
778030
778045
778213
778238
778375
778452
778612
778878
778908
779110
779277
779390
779422
779595
779648
779808
779842
779891
779902
779965
779982
779991
780067
780224
780228
780247
780339
780561
780741
780743
780816
780876
780922
781032
781052
781114
781206
781217
781241
781343
781635
781849
781995
781996
782047
782140
782206
782398
782413
782423
782472
782585
782623
782841
782885
783398
783444
783578
783595
783612
784019
784048
784141
784161
784504
784735
784828
785075
785144
785173
785192
785209
785343
785351
785499
785532
785665
785949
786067
786069
786201
786271
786540
786546
786915
786933
787078
787110
787186
787331
787526
787633
787638
787639
787643
787687
787802
787838
787881
788063
788232
788271
788273
788412
788427
788468
788514
788546
788555
788664
788905
789026
789040
789319
789562
789699
789739
790065
790086
790189
790415
790707
790904
791154
791237
791305
791390
791435
791443
791451
791523
791587
791641
792172
792193
792194
792489
792536
792623
792703
792723
792862
792880
792935
792941
792961
793042
793049
793113
793117
793379
793542
793635
793784
793900
794039
794047
794168
794185
794442
794474
794476
794626
794681
794795
794995
794996
795069
795088
795373
795441
795470
795550
795564
795615
795993
796092
796290
796295
796342
796610
796683
796802
796905
796958
797498
797841
798029
798087
798124
798255
798560
798681
798853
798911
799094
799128
799185
799492
799517
799619
799639
799773
799991
800028
800089
800174
800181
800203
800481
800516
800530
800706
800888
800907
800985
801020
801110
801124
801397
801530
801556
801618
801792
801898
801940
802070
802075
802222
802391
802408
802548
802604
802830
802902
802991
803017
803136
803204
803255
803287
803335
803456
803623
803686
803914
803915
804083
804091
804307
804373
804386
804427
804545
805051
805121
805133
805509
805602
805659
805679
805842
805879
806010
806114
806149
806156
806172
806204
806292
806381
806451
806518
806692
806698
806862
806922
806929
807085
807149
807213
807220
807223
807437
807528
807604
807780
807934
808338
808384
808503
808529
808556
808608
808758
809000
809018
809217
809226
809260
809350
809429
809437
809575
809611
809671
809998
810476
810494
810585
810722
810814
811052
811120
811136
811208
811372
811398
811444
811866
812015
812083
812429
812485
812594
812619
812662
812700
812982
813021
813088
813141
813259
813336
813363
813516
813543
813544
813567
813787
813791
813831
813870
814030
814589
814589
814767
814838
814918
815072
815142
815257
815313
815337
815343
815599
815672
815679
815705
815809
816096
816211
816318
816343
816618
816634
816662
816713
816774
816938
817007
817010
817156
817163
817190
817435
817513
817518
817521
817538
817726
817844
817897
818013
818086
818141
818173
818316
818382
818566
818761
818994
819037
819056
819085
819139
819478
819725
819843
819889
819921
820074
820084
820093
820108
820126
820210
820252
820320
820329
820392
820394
820510
820557
820646
820687
820736
820753
820796
820868
820904
821003
821270
821276
821351
821465
821496
821743
821760
821945
822151
822319
822355
822543
822757
822890
823053
823058
823122
823526
823539
823637
823799
823853
824105
824186
824233
824241
824311
824345
824381
824413
824571
824620
824749
824805
824834
824871
824958
824983
825021
825028
825144
825177
825329
825358
825403
825508
825730
825736
825863
826101
826245
826320
826343
826601
826778
826866
826992
827151
827156
827259
827262
827291
827544
827589
827664
827881
827946
828075
828082
828157
828200
828200
828255
828278
828422
828469
828479
828540
828665
828735
828930
828948
829016
829051
829097
829240
829349
829636
829751
829852
829917
829954
830292
830348
830359
830373
830470
830493
830569
830580
830726
830775
830961
831047
831190
831202
831277
831468
831596
831711
831788
832261
832292
832433
832519
832521
832525
832700
832893
833011
833163
833216
833341
833370
833394
833478
833484
833643
833695
833912
833979
833997
834202
834392
834421
834449
834660
834660
834699
834836
834963
834977
835231
835471
835472
835473
835587
835598
835652
835777
835931
835968
836009
836148
836164
836452
836467
836705
836762
836799
836874
836983
837120
837157
837260
837265
837296
837690
837892
837919
837954
838010
838096
838144
838213
838231
838549
838568
838653
838961
839219
839393
839772
840080
840340
840664
841013
841194
841212
841258
841338
841524
841566
841722
841999
842093
842223
842323
842384
842487
842837
842845
842928
843018
843094
843348
843357
843450
843484
843812
843910
843958
843993
844249
844348
844454
844530
844745
844747
844800
844890
845125
845130
845171
845304
845438
845442
845454
845512
845615
845622
845707
845935
845957
846047
846103
846194
846580
846906
847068
847255
847294
847302
847322
847396
847436
847629
847653
847704
848254
848261
848528
848570
848586
848681
848870
848882
848959
849096
849120
849304
849314
849363
849454
849461
849584
850012
850044
850207
850222
850222
850234
850343
850357
850592
850608
850645
850798
850825
851145
851221
851292
851326
851339
851341
851396
851410
851570
851655
851663
851665
851680
851694
851704
851724
851979
852088
852157
852249
852414
852466
852510
852520
852609
852928
852934
852971
853081
853091
853215
853374
853508
853641
853686
853759
853954
854063
854178
854228
854429
854656
854681
854747
854763
854773
854783
855085
855104
855347
855501
855527
855599
855642
855653
856153
856247
856398
856582
856621
856784
856922
857040
857075
857102
857366
857820
857870
858110
858211
858395
858664
858733
858919
858953
859004
859107
859238
859245
859380
859511
859603
859736
859780
859808
859885
859963
859993
860096
860346
860374
860405
860426
860615
860648
860902
861095
861167
861306
861310
861324
861452
861456
861514
861537
861734
861823
862059
862165
862227
862368
862399
862552
862643
862819
862843
863197
863283
863427
863478
863493
863668
863804
863816
864012
864053
864192
864266
864279
864285
864308
864580
864667
864706
864743
864811
864848
864877
865104
865127
865313
865513
865627
865630
865701
865794
865948
866027
866236
866374
866397
866412
866438
866501
866514
866598
866661
866765
866814
866999
867238
867363
867382
867609
867652
867657
867851
867912
868091
868294
868454
868485
868492
869064
869301
869305
869466
869532
869557
869699
869824
870044
870067
870304
870367
870440
870628
870700
870819
870932
871031
871118
871336
871440
871613
871821
871858
871884
871953
872162
872211
872298
872310
872456
872708
872731
872845
872939
873046
873051
873364
873592
873721
873748
873776
873906
873958
874307
874340
874359
874600
874725
874899
874977
875040
875093
875300
875438
875728
875818
875889
875979
875999
876141
876327
876508
876555
876855
877031
877035
877189
877266
877301
877343
877422
877604
877706
877930
877998
878003
878032
878172
878238
878352
878471
878479
878679
878688
878706
878709
878772
878973
879094
879121
879194
879275
879406
879438
879462
879479
879510
879654
879678
879773
879915
879979
880203
880606
880651
880681
880770
880885
881172
881173
881244
881250
881270
881359
881809
881834
881934
881962
882070
882161
882411
882417
882478
882570
882590
882605
882691
882704
882710
883103
883125
883145
883148
883253
883348
883348
883515
883781
883950
884205
884234
884250
884314
884419
884527
884572
884593
884662
884933
884947
885111
885113
885170
885245
885297
885345
885423
885672
885993
886003
886034
886160
886213
886259
886343
886451
886538
886652
886863
886872
886873
887180
887184
887203
887279
887778
887856
887856
888048
888553
888633
888652
888675
888726
889010
889025
889039
889062
889090
889122
889225
889225
889420
889530
889541
889741
889838
890003
890071
890147
890411
890427
890458
890500
890568
890638
890685
890696
890724
890776
890860
891053
891360
891370
891407
891512
891595
891619
891713
891772
891894
891984
892020
892041
892064
892107
892135
892144
892162
892191
892273
892416
892425
892512
892570
892788
892819
892840
892967
892987
893225
893393
893440
893522
893750
893847
893989
894177
894423
894426
894503
894506
894528
894718
894788
894834
894876
895178
895295
895350
895359
895419
895545
895642
895672
895755
895814
896299
896352
896447
896586
896633
896746
896773
896834
896900
897206
897429
897459
897624
897667
897742
897758
897861
897963
898204
898266
898374
898467
898484
898492
898727
898728
898756
898811
898898
898904
899012
899023
899197
899234
899304
899485
899548
899897
899927
899927
900116
900139
900251
900269
900285
900299
900461
900478
900552
900573
900849
900964
901062
901068
901118
901245
901406
901491
901557
901578
901587
901664
901706
901736
901929
902018
902120
902184
902204
902218
902270
902303
902489
902673
902754
902841
902910
902963
903011
903018
903073
903140
903450
903464
903512
903548
903573
903821
903861
904176
904206
904290
904396
904401
904427
904469
904536
904714
904810
904819
904833
904909
904935
905012
905199
905240
905246
905418
905482
905638
905664
905776
905884
905973
906062
906156
906364
906411
906455
906610
906647
906653
906684
906847
906941
907125
907319
907525
907649
907653
907833
907915
908126
908171
908203
908909
908997
909108
909423
909477
909489
909720
909748
910301
910400
910425
910550
910665
910806
910836
910950
911007
911114
911128
911140
911264
911368
911469
911497
911617
911639
911723
911766
911927
911946
912114
912568
912684
912972
913077
913093
913181
913236
913304
913428
913510
913565
913780
913844
913895
914073
914079
914098
914159
914182
914790
914845
914975
915092
915160
915237
915329
915340
915535
915641
915749
915816
915913
915977
916020
916248
916258
916382
916393
916397
916400
916479
916482
916533
916671
916762
916864
916897
916992
917374
917431
917755
917871
917966
917972
918047
918150
918195
918438
918463
918549
918648
918677
918764
918860
918867
918892
918947
919022
919183
919205
919232
919794
919929
919981
919991
920354
920454
920621
920667
920679
920685
921028
921070
921092
921235
921243
921283
921551
921688
921833
922092
922183
922233
922340
922453
922482
922493
922554
922610
922637
922743
922892
922898
922936
923121
923191
923360
923370
923458
923465
923495
923744
923883
924008
924070
924084
924139
924215
924334
924442
924467
924523
924627
924628
924667
924722
924733
924806
924856
924858
924890
924958
925577
925738
925768
925805
926196
926269
926426
926472
926494
926588
926600
926651
926744
927232
927681
927877
927944
927954
927957
928128
928276
928304
928400
928436
928596
928683
928722
928732
928832
928956
928984
929070
929173
929193
929218
929342
929409
929424
929449
929747
929764
929850
929903
929905
929995
930238
930253
930365
930414
930593
930799
930844
930848
930864
930916
930919
931199
931230
931522
931522
931798
931802
932021
932081
932109
932144
932680
932690
932846
933032
933061
933338
933470
933487
933528
933574
933795
933824
934039
934106
934113
934150
934174
934202
934225
934234
934286
934294
934350
934536
934560
934659
934665
934967
935133
935154
935228
935640
935759
935880
935967
936015
936161
936309
936757
936843
936968
937000
937076
937777
938134
938240
938334
938389
938446
938455
938568
938603
938615
938692
938731
938737
938827
938835
939016
939115
939195
939678
939819
940031
940136
940222
940337
940448
940488
940570
940573
940589
940767
940942
941010
941024
941062
941076
941253
941257
941271
941338
941404
941409
941515
941608
941892
941893
941970
942004
942094
942185
942496
942538
942560
942573
942592
942720
943043
943155
943278
943368
943375
943387
943461
943509
943895
943988
944051
944112
944138
944140
944147
944160
944208
944491
944674
944696
944705
944782
944823
944998
945185
945261
945371
945399
945570
945842
945870
946159
946221
946380
946446
946462
946470
946563
946965
947046
947707
947833
947947
948047
948116
948240
948257
948273
948455
948465
948592
948636
948726
948994
949291
949332
949427
949493
949508
949933
949934
949974
950114
950522
950579
950589
950633
950637
950713
950718
950858
950916
950956
950993
951013
951408
951419
951431
951510
951603
951635
951690
951702
951986
952069
952194
952267
952320
952328
952431
952550
952715
952747
952848
952957
953041
953237
953246
953350
953412
953434
953479
953637
953742
953809
953963
954229
954260
954335
954366
954366
954438
954712
954725
954950
955130
955158
955199
955388
955550
955621
955667
955765
955815
955818
955848
955869
955939
956058
956100
956131
956183
956222
956236
956324
956448
956590
956743
957017
957029
957043
957071
957089
957108
957131
957141
957173
957328
957390
957646
957704
957759
958144
958231
958322
958536
958558
958700
958751
958801
958829
958887
958887
958889
958927
958941
959003
959045
959342
959628
959698
959801
959854
959968
960222
960226
960251
960348
960385
960387
960403
960419
960581
960595
960679
960698
960717
960727
960743
960842
960887
960912
960990
961079
961100
961144
961298
961319
961623
961750
961789
961855
961890
961921
961999
962030
962168
962287
962373
962496
962520
962560
963243
963297
963411
963714
963719
963722
963736
964062
964165
964195
964232
964287
964368
964464
964516
964536
964606
964941
965000
965186
965268
965380
965478
965512
965536
965549
965713
965779
965931
966362
966525
966828
967127
967247
967254
967259
967326
967342
967381
967397
967406
967417
967657
967814
967865
967913
968016
968087
968357
968658
968678
968781
968916
969004
969265
969272
969329
969526
969758
969924
970032
970140
970349
970547
970599
970618
970641
970989
971119
971194
971275
971283
971349
971350
971621
971644
971850
972078
972118
972258
972432
972597
972627
972652
972736
972968
972989
972994
973081
973279
973330
973353
973373
973456
973629
973706
973708
973721
973728
973809
973836
973848
973886
973995
974189
974229
974270
974297
974676
974856
974908
974914
975005
975025
975155
975221
975311
975511
975611
975767
975940
976048
976152
976200
976204
976232
976354
976389
976485
976623
976700
976702
976733
976818
976865
976889
976949
977021
977145
977260
977391
977425
977453
977481
977556
977560
977806
977818
977879
977966
977993
978010
978072
978349
978390
978611
978736
978781
978785
978793
978794
978866
978873
978959
978974
979066
979177
979285
979320
979343
979356
979356
979388
979412
979413
979526
979553
979680
979683
979736
979752
979765
979790
979857
979876
979887
980243
980309
980504
980525
980528
980576
980734
981005
981285
981313
981434
981596
981778
981817
981820
981879
981882
981908
981959
982045
982201
982225
982517
982567
982906
982927
983141
983376
983465
983506
983516
983680
983787
983911
984106
984152
984288
984562
984569
984705
984953
985283
985374
985499
985609
985689
985715
985833
985856
985894
986136
986142
986287
986313
986430
986530
986563
986768
986833
986907
987088
987098
987147
987377
987500
987594
987765
987815
987869
987910
988039
988118
988409
988579
988715
988880
988916
988978
989193
989227
989279
989287
989362
989615
989671
989683
989844
989889
989922
989967
990054
990067
990101
990171
990176
990190
990207
990338
990535
990622
990672
990697
990711
990751
990974
991307
991332
991411
991449
991498
991504
991662
991706
991710
991746
991879
992328
992409
992730
992872
992898
992906
992988
993134
993178
993282
993392
993400
993418
993500
993631
993738
994089
994121
994208
994267
994400
994496
994602
994728
994797
994805
994871
994886
994902
995328
995415
995583
995635
995654
995691
995760
995769
995951
996017
996131
996216
996370
996472
996534
996607
996631
996818
996863
996888
997093
997117
997125
997195
997310
997350
997354
997424
997462
997463
997468
997505
997566
997639
997741
997755
998117
998137
998189
998295
998653
998661
998666
998674
998707
998754
998889
998950
999023
999129
999275
999447
999626
999660
999687
999783
999801
