984288
836799
136711
957759
432236
891984
374383
898484
432496
387520
180141
301678
464593
576857
770344
323365
161128
496855
545970
579682
647552
165263
436744
713084
32665
542603
366040
39206
798124
682427
520542
728703
584516
500494
754662
294741
442959
533253
922743
244427
850222
920667
2298
403597
70654
270540
69179
694668
809671
53349
480777
651156
535554
309291
769346
329650
732670
118486
653559
487890
592705
151615
226081
767031
318295
507707
864266
758321
541595
614165
501918
552089
690648
752662
174791
236014
388743
153105
960403
632823
976865
638680
817726
904176
536636
286026
655606
576714
973995
310008
760648
758045
204177
746148
28280
186374
942573
595759
820126
168491
749852
722854
223277
777510
163820
33178
387860
73704
750024
882710
877604
386450
62472
606470
796802
381571
139810
504997
599253
877930
958231
313663
405124
544934
834660
504473
761525
892512
700732
752850
615876
872731
998707
166201
910550
947947
136305
927877
472369
770817
755127
288352
286021
470362
517461
548881
307048
65664
135435
41340
234080
445899
252512
489916
940448
114445
219307
830580
377146
179090
919794
689998
786546
87323
482747
956236
148320
970618
3045
336748
487811
191694
699562
706955
421953
337307
960348
642409
481690
763440
216042
349309
916400
828200
412571
41626
467061
55358
638633
678788
843993
796290
810722
381671
263660
859238
83667
34529
405373
172539
506974
145449
629040
872211
621952
588718
465885
688858
165349
560319
984562
365558
952194
513110
305542
71800
39700
651564
804373
210601
446800
524432
255423
66377
53071
369075
999129
640968
633087
8895
50332
320919
426820
722355
84408
612406
501340
354218
288408
175877
757136
586625
531361
893225
913304
533802
759973
768893
757996
418779
162351
464777
110418
339905
622046
364330
190198
760874
706998
254159
47709
454178
385686
708631
733998
12204
989362
498798
747303
429758
623624
619842
231127
238514
756452
505253
82872
564521
451815
65466
563621
735159
598629
358432
752857
934536
251945
461802
301670
53166
149963
351100
811136
372456
877998
18400
750635
846906
620277
667407
148084
537306
823539
873364
114061
959698
774044
40814
95087
258428
587194
635014
563388
764738
792172
361336
245247
239574
592470
117401
46069
526651
981313
387477
377387
934665
742380
652479
991498
578653
579168
507128
817190
992409
953237
353333
346005
926600
359209
7181
496983
787331
993738
372255
6579
441977
520123
74540
693301
364356
162687
868485
182926
4568
479938
24997
695082
751134
439669
842928
89118
889039
549038
941970
972627
325678
417560
626949
579476
164080
938240
517655
83928
132791
94862
818141
430383
740293
745295
325296
979343
803623
683525
421038
677553
5095
454802
603006
524984
528500
395117
690567
672114
668450
260787
503621
423213
795993
149370
871336
120218
767355
840080
507554
282967
512227
65210
641370
335881
406543
155895
485812
344649
940942
358396
267093
524392
576135
616727
479546
123
377450
553213
62126
821351
581810
154857
910806
759099
358038
731176
96869
853374
21911
597693
423806
357259
77576
941253
176161
67717
557609
170750
529974
522807
55990
559817
362980
753670
661834
316507
771773
153426
622431
961144
647578
599255
740578
631184
189895
488126
663559
621757
757027
238071
741795
206981
864743
494934
44787
123357
55992
615301
444244
892840
938615
609028
116138
478204
593728
428378
119999
238279
437358
362213
708507
458212
305902
657936
425889
333755
820074
249548
354609
634365
494425
592830
740129
572133
248532
632456
558459
724906
768825
514921
340339
628075
709657
897624
918195
774065
656426
392783
96731
709360
849314
486214
714999
626805
891370
327104
622072
925768
14998
688156
872310
146938
719231
486930
101428
38637
241000
684836
442428
368011
272000
588071
525179
481599
680932
204108
434129
907649
362873
908997
234813
779902
783612
714267
333339
60689
313541
9209
820394
206767
195098
512865
497636
658595
539153
212002
996472
672068
32862
203508
334989
557269
650605
401109
278486
285515
719886
424410
108022
496997
618227
323892
811398
564877
218451
469555
428164
549167
65081
749685
270624
669222
322087
258304
463208
693981
852934
687926
120070
232320
305254
278283
559617
796610
274647
65678
820210
744646
109634
187246
196716
272235
137869
819085
866814
639758
48915
881809
278176
335984
206852
504655
540762
826601
586316
788427
697107
11333
86502
762680
871118
585435
215323
458020
316242
455268
401641
388681
345261
827262
763683
480564
929424
785144
701704
330563
903450
567182
153134
359718
864192
390758
831277
572485
787687
92157
240347
964516
565841
227516
772636
922482
981285
432230
539828
721125
612831
368687
378304
938835
229266
401661
870819
484618
512334
790065
83681
997741
74340
881270
34469
402917
97276
725064
943368
199987
146656
500224
977806
884419
821465
997462
97749
509937
838568
530953
747262
777765
280636
751008
280231
134991
987500
465890
576637
747512
197870
30481
762818
349890
467956
985374
962520
283928
818382
269628
921235
259757
213029
854429
838653
32939
157971
918047
469919
830348
870440
396172
106074
88275
121791
504003
659281
878172
503911
248096
644962
938827
618789
389624
22613
306717
998666
174052
358797
220354
521749
168006
592703
951419
636857
158440
314884
171409
516914
657433
307022
922610
425234
232180
632661
759505
809437
700509
86690
514151
627782
303592
993500
755543
379899
245619
126189
686031
149837
105080
815257
808503
28475
759575
696061
155751
206410
911114
963719
203305
151671
552565
753536
60421
341955
312540
203748
183527
593022
753296
957089
677655
310666
134620
608196
799185
317180
83091
595729
197567
142973
830775
877706
678664
886538
481135
187191
924627
352169
734561
63550
190586
516332
532264
108734
856621
47410
482446
918892
508701
933795
241675
833912
627996
934234
930593
701226
571560
811120
4822
693009
873051
615798
697126
461389
377393
609601
613077
500709
902303
990176
762211
326787
773404
453044
411098
44113
878973
571094
285811
788514
687613
990338
138765
418013
164930
827946
251611
805509
794185
616738
737078
401760
444421
957704
394416
805679
576817
324767
355090
952431
62392
944491
999783
11508
515090
586163
523681
106838
276607
821003
490140
56304
576118
486482
284450
278354
279876
269120
911368
666594
296079
458783
758180
347441
806862
673663
495787
550568
504670
823637
501747
197467
263749
897963
731506
737726
429442
327184
471987
333936
837919
262772
375114
928832
520586
211036
466317
600070
680060
287575
334885
435258
85195
520723
676697
392815
776785
137212
897667
948592
548667
749156
294499
958144
914182
765338
605400
1056
936757
287416
416670
130398
997117
595541
189149
442254
263968
741160
979356
94211
886451
216700
236976
716233
132140
629929
234774
78970
199219
249692
677149
334995
86262
592383
580406
272129
974676
913428
875889
641006
155695
269996
660733
709718
601212
704998
4227
888675
898904
196196
967342
668133
19712
890411
126902
7783
793379
807528
521996
443216
590035
234524
211339
76667
737048
520472
874899
995415
199970
838961
510277
371298
391871
721398
915237
839393
612662
77062
313602
250775
693151
309699
679570
943387
242415
295992
826245
315498
340208
167008
302960
509148
669112
974297
365315
546359
291883
33109
258627
715221
243416
237578
249130
61855
257766
284947
301578
505934
304328
990751
677427
46433
905664
828082
107982
272030
781995
249675
239705
147526
765731
26368
851292
73026
738170
820646
554701
872456
258501
723966
536209
876141
69443
761892
225694
121233
118791
826101
792935
588292
564880
866514
167756
12149
111411
520105
61151
609993
245332
286562
366920
972118
810494
735345
772149
389441
536737
649092
977879
523691
527567
89516
738275
575558
955848
553495
342783
878479
203266
264173
496886
606868
312755
473381
735954
955621
755053
359512
791237
957646
358128
140920
216179
900299
245350
568768
244455
802830
687402
117758
378377
953963
602482
279493
891619
40515
836467
715605
234181
979553
3948
962030
518422
971349
855527
970349
756085
256963
479146
498831
55473
145590
890696
268241
941062
450549
415068
635892
448022
61460
162838
981005
918549
759759
165767
189022
367444
224362
503250
585569
285280
808608
596899
835473
582906
710585
983506
862368
618956
586348
763511
344306
674965
62239
189568
3740
352717
908126
762570
978010
709807
917755
271298
691874
736080
816211
205375
30258
222281
464827
348736
115437
385032
494963
859511
886873
132273
576772
263308
520457
544475
943461
205498
144578
427619
383003
785949
214182
287054
38261
212088
52340
507518
792193
458970
867657
648569
384038
514832
650522
779982
373376
504135
53213
589667
153484
343623
649939
38040
385986
100091
823053
747125
676578
230420
40582
674388
46922
305380
275758
970989
508854
574280
641606
419203
86497
593073
439848
776114
454710
774605
740284
626512
240384
694831
760430
535631
851339
75585
232856
999023
547370
772803
845957
985894
384471
265436
39648
950956
143806
683609
746025
219973
881934
220774
734820
766962
961623
607771
609577
362956
768948
189174
918438
205521
771525
57433
436230
506437
782413
235921
797498
591269
825329
425485
969004
843484
456983
110538
629620
327370
781849
274219
262140
203573
421856
777898
632097
950522
772418
571254
975511
208696
711632
978611
378952
555565
46541
1675
526921
23203
558237
549810
879406
621646
377281
581699
160855
581059
127341
978873
590152
476054
496566
974189
38112
376133
872845
766066
539399
716877
430555
798560
813363
28986
151923
975767
558758
763231
836148
153389
362610
91821
324417
277445
58044
969758
925805
262109
672037
403142
28346
78966
176560
814767
574823
165925
118305
273158
374924
160541
183075
808384
982517
824311
785343
354238
712998
964165
537440
89043
95558
972736
913780
90059
613507
452392
21126
461742
122249
140144
462829
11406
390449
971850
100803
270994
603743
480612
857040
287431
637317
25309
3088
520645
636026
71049
153044
513931
13190
697826
566533
90455
605093
603284
241516
238008
331372
568653
736282
614585
686634
803255
561999
710910
24562
988715
942592
694516
286660
147135
660632
764927
649975
263480
446651
818173
207468
886034
414008
363232
835471
837892
282063
401127
385949
541886
665755
643290
621538
738586
123556
315198
68973
684480
892107
372985
622486
176422
286178
941404
60324
948465
159598
751115
649776
341481
217630
870367
282583
714670
861734
283377
590745
46292
515523
875999
275563
96742
400208
619398
824345
815705
659501
658724
491847
696267
641665
123176
559282
642736
785665
861095
31799
484953
605252
93736
682950
150734
114637
753663
92428
284628
792862
440365
364294
346510
905199
518024
284215
278194
593241
493476
604564
522039
28466
415938
57136
940570
185778
91386
2964
198365
282436
76568
206181
363732
8951
87224
981820
687980
581718
267982
793635
101040
362969
995691
721091
294040
577962
478289
301749
599295
740786
402399
642068
418652
149146
134911
887279
11254
445707
325638
565079
103296
434997
648393
375707
656318
132442
170573
889420
609890
492385
179711
909477
930844
971283
118115
350890
203919
765892
345076
201308
339838
660919
582680
60536
100065
582020
315398
335535
934967
147174
813336
809000
430091
203648
907833
179017
468619
997755
631782
7248
378
115510
292484
479907
728643
692658
666557
75829
968678
720784
225020
342697
132897
127405
730919
924733
905246
972078
661240
901245
590092
734897
629955
258168
927681
85991
654088
993134
74804
329468
965931
331594
811866
978866
642917
255032
257910
74139
821270
885170
134355
960842
887180
174303
973353
217569
13611
551208
713707
529756
36258
290986
470667
687739
658290
63557
419486
276110
320472
714886
301446
951702
25858
165947
443431
657670
58402
305481
964464
899927
719963
297229
319736
898492
466378
996888
223217
746362
965186
711923
401963
708433
669611
716644
618867
298250
851221
973081
119810
573707
947833
716526
131540
844348
906647
762924
759529
594779
343550
425716
657097
759285
900552
664516
777682
434774
929342
840340
388762
333645
214127
186928
558868
761471
998189
110693
199478
354334
141867
386269
978785
929995
698131
509081
20475
529614
590120
35865
314664
257250
802604
981434
788271
304086
2480
344795
37232
951690
942560
918867
289259
521503
974914
107484
244882
734261
325626
558756
82515
714863
770829
719221
609805
206542
731100
227520
368096
416978
420713
308878
245931
677287
817844
337238
911639
238394
73297
763036
163879
220267
716237
409891
204772
760397
625641
751280
214118
133705
586321
37900
208998
581071
626769
725811
394751
512702
648187
259818
162322
300274
643465
817163
957390
929903
552253
893522
686714
272349
545066
519467
176934
467423
738483
58878
964195
739323
132302
255026
493331
894177
99474
464693
302324
835472
600640
205713
726729
810585
9629
644489
642117
56346
14936
916258
445213
636131
997566
496763
875040
424284
169982
413579
796683
649236
396613
561974
491515
754851
184235
676791
589167
553375
439330
654230
166666
160413
665768
584233
72673
364045
703901
433486
809429
479239
831711
759649
911128
362097
726199
236297
957043
574183
432858
226199
483106
761088
792703
153493
866374
81044
209551
592889
767830
179529
240649
37910
516543
644930
665233
364874
850012
377230
913236
822543
757419
185443
336730
118424
514929
539953
458309
716101
602739
319365
939819
940136
578945
561876
690764
391105
278614
978959
485045
736384
598089
853686
474907
17052
355696
402023
142350
940573
468427
845512
879462
993400
829954
65922
813791
453247
845130
661013
401473
807780
291719
222328
152170
439668
349555
687340
432430
914073
571913
262303
309856
546234
817435
806451
331385
166000
603631
205120
854763
36273
506443
171023
149538
147860
972597
928956
116883
21606
565865
251223
794476
424103
716558
600962
996863
661322
384119
467307
344633
47875
625230
225702
181915
607667
706093
71386
687132
622929
311581
677413
970032
491745
187281
311973
918463
698877
343099
901062
160025
383977
899234
786271
350503
972652
638740
334726
120875
476671
934202
734011
422584
645404
490294
289314
733723
461968
740131
544547
696446
238403
244453
79723
345524
128527
964287
639741
580712
575590
795550
373225
437029
75598
693206
980525
265923
866501
129991
863197
780247
302389
820252
188158
140448
167115
907525
871613
107011
770049
495212
924523
211893
39905
311649
29219
396998
213382
138172
43321
750690
609606
420174
768481
934560
518456
641398
206450
422787
418867
647933
860096
424364
359964
815072
283593
894788
85530
843348
387966
340301
381306
917374
679818
822355
491595
88196
988409
465198
835777
853215
885297
425088
5757
455309
764238
409964
8190
432962
788546
61630
812015
655145
345593
328236
679680
34588
676943
690699
496284
561350
737918
7155
238949
118925
931522
128701
927232
645692
797841
30878
889122
69926
798911
119275
706832
825177
820392
463345
12574
608335
372332
537518
527473
989889
580901
531632
719829
476968
376844
863804
494673
339359
565653
667456
57691
548773
582245
856784
198519
552632
274500
364615
711477
22840
220101
544008
14165
444049
249027
627718
126276
31204
651007
993392
28686
303559
121075
829016
695402
391754
163514
897206
483260
284179
8216
522769
627081
26840
79585
588456
600005
259096
263383
272486
572660
503677
552023
157963
789319
426958
775152
956448
462975
933574
952747
975611
159189
976949
208431
542397
73124
329987
464949
4060
730181
598724
387493
172019
731315
218931
494832
319590
71353
273820
116399
882704
847322
928732
706994
98328
110591
373182
266234
620858
695488
765585
886863
520558
530350
174910
715221
801110
874600
892020
677820
339963
253791
188372
159976
290617
427900
930848
862819
66655
68694
896447
169722
36697
953637
404383
793049
220035
320470
375508
630948
52647
221123
994208
276638
424775
115273
471051
15608
14605
149808
198336
331722
524174
303627
133783
607086
477482
600950
608376
302780
173087
983787
187958
567231
461990
342520
656283
526901
629901
383925
305191
13839
474741
738288
74907
737534
610153
805659
782885
326194
604623
454264
829240
291947
310373
993282
352436
561049
328871
63170
349143
782140
989227
854063
976818
96793
825021
894506
755933
959968
50312
70970
639570
718553
123381
674074
755222
911469
404556
134151
295813
144018
221455
331117
650442
357492
463794
474054
540327
849120
645860
82420
361400
997350
900478
318655
904810
278067
75132
215928
674933
100383
992898
283232
855653
208773
301518
430225
146739
696358
380114
262490
603911
350542
149078
501363
225563
970547
376966
554138
125273
336996
402332
768899
743211
822151
440101
500213
505783
679431
922493
236434
297456
389600
812700
345650
732112
62598
13945
626567
562330
820753
699686
642273
54591
747676
924722
189313
298572
92222
498954
563201
888652
5823
749175
930916
425085
458513
390078
504682
232539
450284
601205
12008
801898
681184
611295
13486
678912
707968
591042
382089
101097
42273
499087
303490
881834
810814
654387
851326
901557
513702
693575
262134
118644
258534
152503
72748
683836
95449
35039
991662
784504
780067
363396
572618
454887
42680
910425
132481
817010
672315
374318
43930
826992
945371
134800
274917
330661
815672
45086
338281
934113
119005
270613
778030
536852
519505
928984
663522
32894
902841
461521
244094
320867
837157
397440
173822
931802
68870
296807
770005
205667
359258
835231
157776
859004
696445
83365
203925
900269
638662
703894
238745
72025
520552
547762
954335
803914
469841
234328
526310
885993
903464
821743
988916
778213
870044
719018
837265
284621
662870
929173
443337
802391
281443
946221
883103
584245
349170
454467
721142
901491
512707
652693
466484
513700
885113
424932
116585
238081
129856
304618
572929
720229
929193
295728
920354
885672
92221
524916
265313
326089
398613
552389
162203
293236
715595
833163
289297
314715
304070
151146
187902
152825
82876
867238
820108
446702
806156
548460
509169
615815
64507
69795
706175
973809
372541
918648
110600
464157
184670
996534
599968
72860
193073
283586
977556
215932
300435
851570
662524
232302
978072
979752
149622
410904
949974
104171
330243
662056
963411
472317
453999
838096
19495
523579
996216
331067
753597
923495
471437
671250
878471
211671
493384
218033
735916
902018
801124
446243
754057
413629
107242
623060
617810
460043
559127
531152
415309
880651
912684
131544
16410
482115
493555
767400
19811
481110
338027
954438
163755
285134
637613
658000
919183
743531
130659
704641
556806
355064
110321
206527
52839
284075
31789
5902
754199
699525
593958
462501
670509
132865
458700
52364
88664
339249
996607
243783
809217
682633
240178
352948
423323
546086
673715
401311
755071
233719
739335
287454
918860
261157
381221
525525
834392
739738
295742
898728
935880
763450
859107
428361
957141
961855
84688
894503
760767
446423
14118
586334
394398
502731
338690
412655
470242
544647
91972
693501
939016
585035
105170
80934
860615
365265
150428
141753
328323
903011
922936
812594
238873
350453
433129
351473
86714
346316
250276
913181
468762
278232
327955
682476
393348
768944
290513
956058
730548
5025
301840
867851
847704
855501
516827
124168
85645
284078
821276
2249
909489
729293
778045
779842
665603
247721
205184
712492
51109
168874
977425
197406
708310
69473
110138
951603
462223
559153
606299
222425
529343
112177
526309
685149
378147
748916
476977
350502
275279
850592
116940
61508
544052
558952
529427
815809
672566
766001
154976
851145
348736
729110
243847
611276
583711
61248
293276
198205
18327
279059
66845
174513
433496
59596
602847
29443
834660
192897
674127
837690
537013
80615
836009
833997
502841
823853
421502
958700
872708
759189
130880
180173
663798
673085
791305
316416
791523
625175
992988
310587
554125
383594
342622
395928
120361
76224
944782
507652
437357
783444
375242
510591
240130
944696
68129
873776
223430
426986
105505
35212
960385
13641
204449
286084
771635
92600
30267
871884
989844
216824
12003
216592
348189
494096
787638
880606
125566
786933
511663
975311
744516
75414
456353
620092
275485
252577
28988
741980
82839
838549
110666
101869
6533
269415
947707
248551
207362
495003
382145
200944
128870
414903
52891
682583
744988
565544
410291
570254
359220
521609
534449
987147
612151
480368
662489
116892
352673
809998
771839
93717
29242
102378
537591
547783
9276
343888
45891
762422
990622
802222
806698
590093
128705
552831
973629
921243
955869
486340
198378
136101
70612
412379
934286
391267
781635
954366
585384
83415
2756
638638
574141
16090
588549
758614
488843
162605
432031
421622
155434
727882
404689
678409
596320
440088
385637
575517
353916
492243
635464
495224
388902
151125
496510
833643
282251
99494
163407
424247
676609
883348
522030
606443
100212
372212
848870
883515
696958
487374
816634
366558
666578
986907
345885
205785
64598
845615
350063
91458
816318
779991
647222
371664
282778
265027
380106
82112
834977
495560
738625
214272
151269
214323
82631
720843
242767
695654
772371
431021
4678
439325
134948
642926
848528
967814
615381
453556
597254
569132
328277
956590
36313
267668
895545
638538
142320
360860
174733
303177
194380
13356
63860
922183
576672
570411
754176
335275
1539
781241
985833
340952
962287
4685
106635
761624
421559
370065
397428
140935
80462
809575
634996
45403
701289
610006
333403
439429
69591
132411
583597
285772
295400
935967
492779
589328
70198
496089
260239
703433
368244
919991
311519
982225
916382
74145
164708
554574
762571
717152
866397
249585
549288
528153
915913
238468
34314
91273
639160
351371
565664
782623
294877
451187
916020
71959
112250
985689
693008
134726
150223
242081
54781
565857
644181
923191
941024
117965
394770
188729
62898
734779
400148
962373
792194
276078
115641
455257
662885
701065
209077
75432
621621
431049
922898
438781
241909
789562
117661
659201
756022
652443
590091
701354
799773
263998
257487
489305
956100
40811
390235
573044
110333
395365
831788
197146
216159
92076
307563
608778
367810
461021
557935
856398
143830
828157
289254
307928
461848
754541
584917
727092
982567
344195
300713
642436
325130
121571
189582
977260
389672
748754
244874
717575
678438
988579
78021
741747
538802
842845
340120
123440
814838
691257
11018
906684
852249
11084
86477
924215
725051
689815
851979
886213
508761
635292
253928
878352
177313
980528
738744
401000
704812
842384
693420
572655
428885
102440
991706
1700
117770
825403
678525
98930
506275
567782
80501
407738
629210
302304
457880
455626
99522
558972
19508
534218
50790
491877
709790
856582
944705
272722
803136
399538
761509
779891
49309
16684
155334
557069
84837
567947
363022
640952
725437
812662
604934
522217
119440
916897
270044
905776
833484
911617
780922
481023
593434
522457
321507
594931
901587
322318
774140
544394
516061
529383
612881
198314
262074
584360
131800
384568
465826
897861
561158
924139
315021
501096
535502
782398
642140
294211
650966
409835
105974
682616
703903
645532
286562
940589
639886
436318
394643
593354
164694
871858
930238
95909
635201
628732
209343
20009
848254
994496
489230
958889
440861
772412
708833
711997
752791
438041
990672
884314
929070
176535
929449
910665
884527
216367
597786
457258
732095
353246
643184
658709
101142
636170
767408
774676
779595
504586
39793
667566
576563
538631
836983
508151
64790
645212
961921
727814
678914
275100
643474
207358
759599
364803
501102
892041
134964
943278
589088
939115
743272
104209
960679
987765
499709
782585
825863
931798
820557
611237
166397
172025
46896
923121
523687
656747
987910
945399
787526
777294
574211
752426
434993
389062
740052
724741
180828
521991
442242
978793
730005
460460
127459
308960
487709
648772
274123
714985
194537
567181
678700
981596
31651
891894
961298
566468
710692
728053
922340
917871
523570
161919
127289
77388
127118
895359
527294
495598
341728
941010
589372
624631
692364
281653
422960
558079
772298
115648
502251
426508
751403
708410
296075
618145
849454
308125
395672
269361
967406
356566
758582
3028
790189
369275
591661
776826
831190
735162
618253
890685
462444
919929
8432
542961
668250
340850
149308
123167
145000
837296
988039
484360
184091
287790
160286
625422
237251
663770
648942
735219
521808
359081
694619
296017
701630
228837
626022
785075
385010
247484
642823
975155
210552
749574
572025
757009
360806
911766
187080
349808
652041
766974
889530
532440
869064
563941
637873
948994
348077
602530
276931
603201
586177
697971
243772
757694
310700
156192
326292
334178
284849
13007
12639
486365
621666
232716
134341
169400
989193
783398
532181
577357
505150
91809
522828
329878
764675
451059
986563
850044
690568
327912
649719
263921
184827
267259
583100
199308
313843
715215
794474
581201
841524
842487
96155
564447
106173
267912
849461
502703
653005
689319
536769
833011
140318
554232
603223
938731
261515
985715
752496
355016
161978
424703
195554
275073
201965
431087
926269
537761
800706
585950
607076
395854
638989
299599
536251
394596
107741
33719
667868
404967
265223
999801
555239
99982
294165
422099
471943
704375
278471
946446
276730
624133
147248
782423
14699
253597
569541
517385
352349
221420
707109
511772
943043
494602
310440
868454
904935
211646
129450
614239
263225
860405
501600
674591
785209
446496
647115
700133
224329
66715
136610
752751
825028
417805
838213
776979
464141
651566
379975
459514
54280
791587
558137
138307
35230
520189
222257
622486
268729
220361
306062
291978
495827
738550
163132
424145
648108
58896
819889
960387
84383
43557
815599
234418
911927
487068
688331
575987
428430
488968
348806
156045
564980
79154
708821
944140
22018
121612
211163
326507
974908
255087
116927
306758
842837
629262
240630
591701
421842
830359
701067
851665
55555
834963
611703
885111
564325
743824
560847
613580
139997
516068
328187
732449
1071
412066
380312
719457
940767
999626
776126
143223
464544
926744
356317
828930
750143
368944
511248
478298
960727
712617
83438
906941
345763
867912
311462
965549
107132
661601
465668
944138
437663
576565
156803
645325
669545
869305
509642
875728
126805
544571
953434
841258
240783
65315
616969
883950
85940
309786
259332
747129
431416
809611
983680
705547
413010
778238
11149
917431
991746
977818
226973
292588
433325
785499
765976
366087
152146
10189
457096
405458
30896
794795
935154
429469
741196
560756
529762
972432
442536
889741
496298
265000
461924
157314
897429
964232
403513
445686
538011
94488
2995
223273
208297
844747
400114
81888
14530
678556
113028
572151
703579
811444
621413
44170
39424
296366
646698
58716
751569
361544
574141
443902
246211
313310
606888
371997
806692
928683
253432
535521
874725
691576
514132
548348
294456
457548
942720
788905
715787
747196
498266
120426
895642
879438
230746
333156
401989
918764
284310
569945
35801
795069
754225
523929
9988
403129
754498
102700
674096
478225
63322
253096
669229
628973
638359
612896
558793
315986
685225
952328
512532
497871
691084
752863
736181
242200
459299
38504
229495
709745
62032
573757
754025
802991
453826
582602
268250
996370
880203
152771
734689
743764
403076
111940
851396
243904
214772
854656
130077
923883
849096
94115
967247
614641
234679
504691
846194
103484
604724
339643
680190
886003
142893
530700
754993
370306
71899
679899
738678
698417
183021
633399
843812
591484
865104
770131
505461
863427
678926
828255
866661
899197
743083
248391
526453
346362
162908
746040
15859
957328
504824
929905
776929
961079
390036
282320
328579
420863
853759
219980
555431
612010
788664
160981
91432
201389
267603
18173
103026
570718
743094
761598
994797
631504
37350
600593
292519
938134
869532
541489
844454
403923
626631
781052
653477
139227
857820
191666
374292
890427
239107
188028
20090
708615
683997
487695
566833
345264
124412
172589
708820
509943
531918
923458
552073
590695
890724
355188
233917
979887
291005
612508
236504
852088
864285
169748
430172
311135
758874
115061
919232
498694
420423
834449
858664
733851
285969
470817
569938
340870
296925
752543
423495
355300
467941
515074
688783
824983
137851
256288
763082
789040
777972
897742
542361
274792
539509
655754
349134
491150
262999
600814
53399
723915
200127
443492
436057
316735
883348
801792
967326
7550
544741
904833
701201
283416
547364
453799
495520
322487
41092
100457
989922
512204
215938
800888
457517
486672
453692
247741
822319
247031
77637
860426
999660
944998
176885
765364
255777
410170
246300
828665
852466
390230
955818
635759
952267
259118
905884
893750
627795
230472
409181
606199
316070
883781
488650
66814
271904
653249
482574
466748
167833
849584
390479
798255
300127
299765
174209
375118
39697
833478
346171
1910
820904
458229
247080
946462
235098
705310
632684
324141
334397
255227
427661
695907
866765
351124
548951
298722
472470
770637
405655
644261
878003
14800
20198
202697
523763
524708
375123
937777
943375
36787
846047
452209
996131
105619
20067
66891
69921
368561
412261
959801
265718
736304
308521
359638
932846
125231
837954
7597
251137
153450
968781
649880
537420
852157
12621
118747
667342
24167
774685
474861
491714
18411
774712
850357
602
977966
317529
196269
530821
509397
480647
215544
921833
133495
489794
586680
161450
262763
510403
785351
142390
717850
689336
304556
818761
891053
827544
566686
191045
169401
528618
798681
163333
734665
565306
485471
153873
750012
901929
246841
267169
689819
762831
877266
158789
346219
361324
285125
241809
866412
368227
493012
71962
772997
316203
826343
209618
986430
661054
408254
990711
341515
730326
469233
643387
404393
118058
899897
220538
674596
646969
310483
812485
548660
715293
232789
29761
916393
107608
208333
135320
423374
19894
621637
154716
156847
497368
219597
491082
358092
533013
563967
595228
284412
260424
137322
809350
904206
96105
892967
210306
234720
446568
632508
532394
408204
835652
578096
656683
286148
423560
750581
445864
59807
882691
484677
212128
132785
660334
95129
523185
91834
575154
197912
559990
640186
72749
318768
384685
702105
778878
151229
949493
753257
928304
276159
371370
439273
586635
363579
947046
44435
529012
471991
920621
303250
845171
246426
65151
626915
644172
282774
118585
832433
228325
824186
174998
746836
547111
100453
948273
622003
324193
495084
222344
294413
992730
61705
41357
537688
68908
174648
779422
586078
409298
807149
4223
22967
97046
890500
54609
885245
372867
366427
195702
262207
721968
43573
22411
340255
647771
694610
887856
136879
61263
238232
271748
825508
174907
817156
888726
789699
921092
113007
652218
238378
288867
964368
164808
755839
928722
210496
54789
391371
929218
397646
390654
154651
83921
861452
151748
327529
215040
562454
519010
690727
673540
156193
521177
600882
332440
385497
921551
652163
528601
980309
890638
992328
756507
75399
455034
911264
680278
742525
77005
262339
398087
156247
138515
741321
872298
402917
98832
381514
276499
386506
979177
503257
261099
674556
602785
850825
61010
98218
595759
730473
83364
91356
263467
61177
43901
318764
610721
463422
924667
543552
809260
330896
21756
570546
647699
246917
663979
431704
684466
788412
556572
389323
946380
273589
631735
115961
890860
285637
171157
452950
946563
609111
642189
847294
658602
801020
900251
70694
167144
841194
864580
29190
430328
898374
109209
706419
672894
578849
595526
889025
95629
107958
595588
19393
136178
349331
510892
828735
286957
748069
422759
208346
155684
449708
740907
709734
772171
285669
814918
186197
913077
490000
387226
619725
112405
660038
515726
526312
488427
194362
611914
395632
69315
113469
875093
737820
91295
113357
337988
498529
531042
955158
907125
300026
211450
326159
73908
979683
406633
411381
687974
637997
519629
47225
154435
821496
48960
205253
938334
745243
443032
819037
332376
718304
416727
973708
136234
679909
43406
655277
335615
232257
916992
364109
345380
321141
574242
694291
314275
441682
692506
484275
274662
367660
99921
752155
34686
168899
474597
115574
508868
82965
598280
457494
530679
534439
172705
382410
930414
684900
246807
267813
759990
142401
168931
321964
765465
623496
333055
131098
282778
250481
420066
261773
993418
574513
820320
392554
132235
29994
228456
500992
692485
706825
582655
959628
149378
831047
540422
483109
935640
740321
653573
300459
547668
955939
848261
65487
153004
579188
391820
5140
639096
200964
900849
165752
745652
819139
422803
172802
106326
389068
314422
452525
662440
795441
55718
168264
458411
354511
511794
719523
905973
176844
709162
745366
536060
632908
488993
841722
661259
670370
896299
262637
287811
339475
421160
615075
426461
38981
237159
446899
787186
727889
854747
262793
321051
171609
313826
898756
57239
490471
280930
314797
677721
652189
425889
81805
944160
464479
777095
704618
622782
454890
950114
927957
572375
73626
558406
109651
938603
2821
417357
961750
109680
482813
400177
213243
946159
322959
411222
203911
311872
994902
630417
654071
443631
691124
223325
698855
29036
465055
510520
281017
364605
853081
715952
332588
829917
652684
794995
144778
108516
39983
323234
526220
63188
388564
739732
486887
37117
700828
88177
162268
31312
763336
625504
621941
422447
331358
337236
889541
319242
446517
768642
565776
799517
508857
448888
633406
135961
105844
331506
246423
792961
640133
161742
943509
685415
950718
443712
976623
954712
846103
665115
407054
318081
374515
524525
601861
924628
931522
559359
142722
615109
138487
90332
932109
348562
726202
892064
798029
166611
395931
72758
951510
983516
209608
859963
261224
543730
204934
997468
84739
541871
555329
808338
998754
777868
100240
785192
567776
408166
979857
211689
677107
53070
845454
122702
358745
108570
103779
910836
288589
799128
223107
979388
447166
792880
156913
114204
738943
376413
706038
445263
643342
57486
827881
156414
503517
725412
854773
657097
605103
402130
254949
652883
281479
892819
334704
205225
791154
504503
214755
238504
967913
603990
901578
569818
740191
148077
111840
556980
254135
511061
150603
692886
69670
29643
986833
596149
961100
39462
973836
579235
277082
562243
85683
166760
367218
715666
194900
991449
7046
647155
250102
889062
715003
84421
181928
44608
86825
110499
619399
715922
587396
414705
409966
158175
568091
673806
300306
140805
461218
236174
850645
409268
163212
566005
462856
121156
133770
587067
168183
409641
661560
36788
997463
118513
274813
11708
442245
599119
735404
879915
476519
140400
380621
298981
261565
59965
319178
267620
61869
718517
965000
844800
565189
278593
906411
326107
780816
971194
689667
37031
433413
472541
907653
39633
911007
274611
726190
535063
935228
680211
799492
544229
573125
129920
44469
515748
72857
800530
201858
532261
998653
137449
745300
188431
360637
712337
359689
545458
258864
803287
984569
725333
38165
48928
109728
794626
623665
778452
945570
944147
541765
233345
641182
981879
622841
341568
312402
594493
657083
526794
39411
257481
506553
671435
54070
553986
298434
843910
659740
314519
627364
326351
388630
13841
437778
581098
107252
494337
139892
713878
79613
542760
108247
327891
456845
974270
191029
386203
886872
582333
23924
414856
949291
807934
201243
13952
125440
667998
548342
854228
595867
706955
256058
680286
35394
313950
36088
607266
153439
746003
266399
12464
70229
38414
763583
577259
785532
509019
399527
292488
673226
218526
979790
14010
313540
360395
859885
827156
456422
857075
864308
983911
121377
338378
106484
168344
425009
73937
643189
727801
140439
626810
869557
730781
58322
969526
825736
162702
287787
593380
186824
272275
765443
352278
709506
977560
685494
862059
99417
442346
695563
479218
684884
697006
299563
412695
690438
613006
861456
580667
706577
538937
139700
436048
975940
388099
149158
672677
903821
685410
621588
41471
950713
667283
112447
312213
898204
342214
378339
523923
780339
292495
651642
20886
666912
748910
655645
147366
147078
814030
315026
680358
229914
828948
961890
59420
307986
253102
584587
376944
193528
336456
318168
989279
308517
127709
421042
945842
952715
213915
61842
546068
253436
33538
216365
855347
7809
6330
883253
143282
481273
140158
637695
436150
935133
382536
899304
591048
550050
275546
588271
398916
249547
725397
436399
59362
687155
555283
250514
537818
603248
658821
556625
774601
210529
374111
259365
824958
667763
739292
117696
967417
353088
749195
124552
562954
440460
450837
871821
51845
943988
313752
960581
832261
456577
596073
924070
870932
32534
572535
372362
905240
741132
384430
616505
252492
145305
686825
956183
370505
17752
641203
613651
37184
54142
97491
349265
673030
674459
961789
22037
769975
436866
358188
788273
123020
815679
801940
838144
156114
812083
289448
690131
80912
32036
222687
98539
182668
235591
891407
336240
54723
932081
388112
328305
967259
352997
52138
450343
519351
322961
312129
223075
613556
307685
533987
871953
818566
24158
697697
798853
604539
927954
586983
928128
186486
885345
934150
567638
33177
337724
393741
381296
687375
92939
706000
438764
539843
548364
59992
879510
126640
431167
598492
206171
899548
403736
605123
541934
98464
934350
884234
229718
500758
365782
311611
807213
392258
148271
256574
700773
628787
567388
106616
800985
74388
252045
912114
99173
904290
20724
297587
79909
133142
404311
739102
843357
501597
171056
922092
257160
580614
12054
806518
936161
45636
432844
394160
545729
3548
978974
269479
749850
880770
891512
728287
834836
873721
492772
22437
58241
933032
821760
627684
730333
924467
261506
503516
804386
719027
161354
456738
886160
404178
573734
18667
356648
107360
554591
165587
88803
986142
209730
52419
702206
524424
427462
599251
44874
802070
242709
863816
488198
34742
25106
391688
746089
722979
482963
242271
61856
77469
505468
614085
79839
830961
861310
990207
397622
355265
17579
36749
114551
554372
48636
155285
187079
175845
48231
866438
295366
541417
960698
200569
771807
737825
358262
926651
499913
563961
336581
271947
776014
117392
694066
735220
135584
200177
421593
60701
668929
570909
114156
927944
76111
227146
534588
22350
628772
80482
53541
930919
976389
320978
800907
611617
235058
187008
162268
709691
678362
908171
314949
231462
709252
608532
274554
79281
851680
612221
592552
847653
265860
163336
932021
610223
169070
216404
757357
202184
237442
773527
892135
504435
953479
347845
792941
161285
451027
203670
533742
284549
853954
816713
954229
977993
821945
339529
253402
968658
208952
550483
281155
332653
535252
988978
219552
781206
801397
445835
942004
517663
958322
671552
957071
874307
602158
537465
162964
699465
973279
782047
972994
839219
126662
700442
335363
590199
670684
988118
681292
878679
855085
414270
294624
239859
75010
693485
286177
561106
523349
144143
86628
941257
681494
613600
923370
313723
198792
277717
298309
382923
621616
976204
120189
342793
413819
816662
666265
495269
891713
56757
737195
519829
401868
749673
970641
414888
443182
264145
929747
661594
318286
917972
200087
419679
370569
65190
401180
212111
652662
992872
613287
884947
545848
738204
143884
292089
249313
244978
311731
869466
609640
256544
136747
330670
70402
231883
655345
729072
185698
723363
312278
405392
582219
830470
247013
483374
806922
615935
87943
327900
369919
421720
141253
509126
824834
185600
528037
152277
866027
123824
702796
716728
423093
314396
488598
568896
986287
396947
769432
854178
614703
551425
474963
625261
915816
717982
472852
836452
904396
767595
806149
53325
855642
263594
396411
293428
527204
17792
10634
653459
116888
343025
543052
979680
626788
751630
827291
226533
512391
984152
724401
530595
936309
932680
612141
200863
964941
625038
19590
239267
922554
879654
746087
268513
336845
401841
336464
544082
152222
207483
739194
570715
701995
537542
52605
829097
158181
416356
969329
866598
390275
615222
775505
631078
423598
243388
401135
30226
353678
130687
123242
179617
906455
225699
152862
990190
247550
560944
889090
594975
916482
276889
739557
860648
596984
414551
968357
793542
69035
391
965536
230986
32419
712706
259171
603073
497019
437986
609976
824749
501307
374576
865127
879479
518433
278698
682082
605809
254584
529987
163939
699102
82970
393106
963722
788232
956743
193859
149357
606938
715257
542103
674807
27242
745312
997125
717614
482324
320970
420684
281207
250828
283914
272922
760173
183869
596626
298176
151518
174095
330845
637147
680651
517426
924334
492920
483399
196664
291158
765129
609026
674738
636429
915535
902754
492379
24124
630090
675354
830726
994267
21779
66638
910301
183839
307623
252822
24493
593807
851724
644965
885423
598956
164534
5423
571066
791641
833370
697184
676440
600800
107977
60671
912568
410747
755986
530550
90949
627190
934659
197435
240970
19763
930864
55478
933528
586405
734061
479795
50326
435763
607033
470891
83763
158747
899485
595920
121538
619026
22421
903861
122562
640420
666447
140526
815313
483579
60547
845442
223300
168777
796958
455042
731886
129460
187421
157667
315557
735057
226731
440609
244533
373526
857102
794168
189958
583325
615186
48277
892273
572028
11770
62733
415132
468292
757660
782841
432467
979356
547871
365195
243397
262874
431767
784161
89578
717624
977391
286906
605380
476674
526494
573432
520518
741721
888553
18443
157388
83986
177385
88467
551012
234522
536955
56428
231987
388145
584671
875818
407523
685250
820687
124347
512538
21842
106780
460717
380360
295230
56391
813141
507742
52067
15293
756430
154151
501085
294319
241794
507939
999447
491083
137769
72427
935759
414659
21801
933487
437174
6731
19675
817538
854681
264667
488983
95865
168962
903140
990974
895178
493449
739115
485105
73517
68155
979876
852971
122281
589193
471283
240805
453812
436583
343085
962496
556971
504419
731887
341769
85330
674013
822890
295807
964062
824233
876508
343115
292214
404624
776417
212134
253152
218475
907319
615778
130730
396288
410509
979526
692034
916479
481732
201102
977021
9427
597593
601039
654107
808529
878706
700874
331812
594811
775058
28667
581120
721661
288249
532422
841212
668525
820510
751382
657152
844249
922892
168727
674708
867652
19697
948240
617685
818086
514564
454181
994728
702038
389647
640420
44881
859808
642021
878709
504706
349498
194315
905012
433070
858211
987815
356384
182715
364664
415928
502423
691838
285142
205329
584519
171593
730888
470300
237405
256082
727469
625581
804307
426958
861167
397408
450334
617028
621885
986136
70367
555018
373548
703121
508626
473934
958558
298026
369787
581161
796092
794039
736546
956324
918677
737143
9677
426386
545787
700518
833216
562188
154067
618637
304075
418205
358043
819478
455889
110523
296767
726090
816343
848959
213415
818316
178769
878032
852414
198350
22104
756231
750374
137293
727428
788468
383134
375143
546075
764377
522594
933824
364565
809018
881359
550404
406523
731937
412802
596347
952320
787838
255989
762410
648670
166054
338707
541102
532042
150304
172604
205950
850798
987098
119214
416545
464200
925577
44321
488046
380367
564561
206845
190519
722149
221253
177652
210299
577004
14486
181926
843094
470256
636893
546341
67651
223840
714456
625886
365973
187178
976200
757376
50159
526481
745353
535458
568823
334944
902963
63507
835968
567428
801556
767398
790904
38599
90177
247304
601671
48195
345344
23860
733870
657953
999687
696172
707968
708729
68449
804083
157184
355182
148462
612492
65032
521511
481203
341636
513986
69195
105105
9134
450456
829636
964606
252879
84521
884205
458206
330382
234522
749582
599026
229647
95644
133463
808556
30025
144575
51299
753648
125607
512715
473217
870700
844745
775322
634160
562618
613524
163912
517187
786067
263852
784141
104936
906156
102620
241426
793042
61563
873046
463394
542910
614009
277783
976700
765339
320401
640267
741712
59368
834421
767460
813516
601581
902673
42104
965713
379089
795088
409795
597374
196429
307348
552609
644770
863668
877189
364905
405549
862227
987869
699719
558801
695931
952550
507514
625923
213744
541616
764708
665822
596972
114212
936968
896746
106260
359814
368531
246901
354101
14837
472419
172521
639667
158161
707261
465394
10154
517740
58799
428517
52430
717962
693535
478316
715145
805121
966828
905482
692605
882605
451365
103124
864811
87870
389895
976702
673184
531735
201266
729859
551643
942185
614022
668654
653189
15011
941076
689027
864279
539228
827151
640269
760607
760999
620576
541632
379938
953246
167803
805879
924442
370131
130612
768031
661790
862643
939678
862552
864012
108402
725620
174601
763168
579427
367673
779110
288678
960226
2272
553162
66798
12582
317371
390238
848570
105185
915329
116612
148764
557647
915977
54823
293688
758848
138596
89390
282891
740319
280630
87993
696599
231146
341330
898898
356867
503060
857366
188535
989287
270654
930799
484434
438544
882590
968087
576095
877343
171988
215984
746996
3968
106659
882161
112952
718230
376078
910950
685810
571927
315189
401248
941892
323888
913895
649053
144648
622398
670845
330946
751523
492540
380437
408387
911946
97929
955550
455476
182142
530855
94935
281338
502708
347640
801530
426371
250532
499888
893393
463971
633234
234446
962168
902218
995635
791435
663828
435909
47313
983465
266317
106816
695389
991332
855
743477
277670
995769
780741
949332
590424
883125
225518
111426
324478
420515
522566
494142
594613
480506
356817
675277
91850
358123
478217
129193
692897
486862
980734
641391
781
294906
482929
177374
561589
198347
698347
32998
882417
2185
179731
80613
978349
379419
16220
793900
259289
273050
150840
688663
420018
533295
391704
266966
948257
91854
31452
873592
355170
884593
787110
337813
941608
906062
22677
459941
673209
435820
190385
121351
63525
34180
385657
901118
800481
928436
600247
244726
124102
6817
610512
293574
159485
525247
46576
478673
965779
272500
949933
153582
288948
109128
75760
455591
462769
5111
279054
119020
780228
957173
575571
799991
577583
680291
205685
88084
478660
202408
779277
556291
258479
66928
868091
265637
824105
524077
285672
934039
499101
656658
921070
677706
737821
557590
678884
52735
240908
840664
889225
774793
799639
134167
688648
504343
80474
83328
785173
218587
511162
203212
604466
715482
271350
415526
437885
607032
753395
596499
286956
694591
317786
665973
1900
931199
643181
209335
157891
447957
22430
105655
766217
364030
208058
196164
773674
390325
948726
894528
617831
956131
124406
214099
200862
206712
36658
802075
319376
84588
415968
657531
497635
839772
11153
233968
915641
120011
501154
521085
455646
996017
706157
95696
446014
271846
698374
343784
514218
215103
176354
995951
128296
400354
222774
644082
138836
509116
865948
997639
335770
110153
92380
194329
76331
274757
439478
584517
258663
23265
865701
204601
924084
976733
218428
915092
484267
390886
881250
245838
31814
813088
238146
671487
62296
757340
578131
730722
892425
894834
226679
776684
178810
468096
39048
187979
807223
427590
487523
235024
645742
448485
640366
951635
81476
358695
230971
619150
318081
958751
205054
137365
327471
933061
903548
249385
522885
526480
589504
573578
704416
680149
967381
271382
119512
896900
514182
440857
772578
647124
47611
100437
322165
343337
279475
406094
835931
941338
166961
291524
701438
263107
831596
76266
490078
428581
83805
20796
500449
101239
316917
694844
382473
688575
104804
784019
619130
283788
563303
2737
358059
385930
628204
771205
65365
43870
350399
144069
560118
471721
801618
468036
418580
748876
7672
240535
787881
611970
990171
878772
941409
676701
228408
343854
399223
658708
449485
694791
816096
279419
851663
434883
958887
677613
333375
904714
521497
949934
644015
742609
903073
960912
65093
43978
519533
796295
172826
303295
967397
591886
549287
509513
700301
437667
917966
156415
453248
46447
156796
252802
9422
370111
304991
646300
835587
998889
919022
956222
405244
360960
609452
654019
26914
872162
777393
696638
913510
9125
425928
412008
882411
96997
985283
776909
733164
994886
468310
958801
106440
115082
37738
258294
701963
527486
404794
287680
201606
541885
575724
799619
59603
497377
667356
51646
781996
799094
887856
218213
981908
591545
6321
829852
794681
463252
979412
488439
92950
48765
695252
739678
275166
585956
345341
215283
439153
398519
117244
323033
14671
101438
226194
381119
782206
561513
871031
249776
600105
780876
247437
337232
213020
938737
46218
49042
880681
386242
685972
315066
134420
96598
898266
752159
877301
752997
31393
143027
759091
569593
344233
202970
154643
354191
239629
381897
520169
709415
608422
754286
637497
84169
803456
404481
664910
997354
363641
406895
894876
904469
600810
289730
806204
213813
721800
762589
937000
419995
57245
962560
613577
284322
392155
924958
916762
803686
399917
305399
653901
438696
39191
209558
958927
650661
757810
540793
955199
205853
338539
583711
994121
571492
87085
577763
392265
388041
867363
151069
341824
669132
909108
754142
652157
933338
168294
637064
110543
254913
215077
409401
274325
929850
694278
132939
960717
952069
454473
931230
301069
764772
831202
890071
767819
601041
643096
63967
583207
173911
184920
747319
589423
259139
229611
760765
282181
393588
959342
353786
938568
419733
851694
919205
776387
230429
28225
581411
642967
180246
767182
471588
837120
574463
981778
66224
318087
300429
950579
49909
850234
659454
486767
81132
533113
704583
336224
75575
425933
534117
357589
805842
786915
923465
721929
712619
523486
518567
264072
490913
405648
803335
690521
702341
36567
394478
535274
814589
94088
544535
847396
522000
924858
87376
761185
906610
915160
520304
457961
997093
346548
8983
323296
124245
738151
589378
334083
992906
366531
590816
464711
372415
763193
584538
206188
950916
486377
68279
196985
554396
690520
676969
730391
619960
731858
860374
47572
371579
248628
259314
60325
419329
993178
514908
429983
786069
398135
133323
182591
126442
642441
210046
133341
531504
192232
245635
98886
168104
270095
689277
670820
97249
593791
11689
167351
528279
362168
952848
362216
963243
271590
384795
532382
657586
884933
496535
507176
643090
203127
978736
874340
792536
645549
729977
176998
609433
137047
625648
149568
316643
982045
510817
300559
273416
148036
379485
235285
105035
169363
81031
723004
724448
462650
397900
761321
813787
88221
233043
299033
740035
824571
824241
458298
37990
675317
811052
244681
136073
534600
433455
879094
984953
459282
369022
561600
967127
440618
335826
642271
329522
35381
479
131009
835598
906364
943895
695569
476195
628168
385842
903018
288579
996631
730878
734070
165657
459330
598473
195601
845304
512142
832893
939195
184027
525102
571936
692593
48775
286386
518080
132960
865794
50895
494914
87678
544357
412087
129397
894718
907915
274248
325040
404514
651966
695602
46294
283804
957108
8672
504471
755948
800028
534719
473103
146469
235389
583305
584837
637675
599233
161043
829051
279462
305382
263568
433377
926426
865313
217673
802902
28955
182600
240293
185300
762212
201888
144185
388697
718608
277956
610229
815142
629214
525868
229913
498687
392319
301188
896633
380490
454820
213670
500069
619035
173027
399330
383106
841566
851341
31794
701471
371244
179873
981882
393325
267056
688853
850343
745427
276334
415027
841999
780743
636283
794442
976485
623538
447629
90882
495596
558093
902120
592767
63220
773252
117213
200329
163604
836705
986313
979066
756304
973886
341710
79716
452306
830493
960251
951986
21507
45191
273853
148526
726331
200598
237332
673184
712365
240029
66473
304279
900139
127732
488100
130194
237627
592053
209675
591736
68153
392662
9355
588767
201961
417420
800181
800203
86854
771346
247536
903573
430374
808758
965380
130302
171880
656922
864053
6043
155652
749267
498261
664291
559822
82085
572715
578942
256873
281157
567593
9057
106766
832519
251083
163904
359302
712036
534086
443083
666106
861324
318677
549862
600707
629589
65468
924008
901406
694814
306097
607400
768222
990101
890776
881172
290414
971621
969272
555762
815343
592792
344063
686258
325636
370423
78830
631527
110098
228641
969265
383487
784735
335947
112535
643413
853641
293826
536583
924890
540560
687677
787078
576361
193907
890003
756375
211212
666435
976232
339059
614823
403228
30134
698261
585863
963714
124412
998137
16960
360771
700325
710099
757461
207840
123485
723579
859993
213505
781114
534069
152907
676979
982927
434790
83689
261269
764424
502604
422100
83329
863478
205322
500981
682397
464341
121784
408132
646148
896586
440756
72251
740725
10558
580879
654859
901706
526616
524648
16283
25584
529135
842223
942538
258467
17703
703935
153060
479385
498735
506505
980576
394538
163127
374148
662227
788555
800174
997195
207956
326682
344678
887184
271013
467651
837260
323943
860902
582391
268620
124086
72693
104858
142735
261043
966525
270457
87338
191282
825358
881173
64212
464315
900964
723992
614390
160914
895419
490916
734500
820084
30431
702682
944674
313612
548018
751167
162388
729385
617555
319577
276996
384769
173251
819843
398205
365336
366865
60203
102682
926494
367093
259889
881962
150616
731804
820868
728182
700237
644367
312379
149780
359439
133508
53475
103581
484716
588964
985609
673209
575
193215
711665
458778
387370
281028
476998
199968
324368
41084
973706
898467
379506
941271
516808
238336
58370
33972
378900
991879
736618
416000
458343
381458
717618
351045
259835
364271
177865
94475
161858
459107
575669
322251
862843
692821
184019
27703
36373
443911
756174
238375
523843
795373
341677
86926
539584
352027
594213
621144
741316
29943
753876
978781
767103
204169
264926
450718
818994
727888
843450
150271
817513
408294
892788
8842
206561
322039
362103
642090
77142
217224
805602
491926
989683
326395
987088
2730
633375
869301
222676
113626
652742
340802
513741
53268
54323
348109
379727
518970
355241
35857
146111
895295
130909
326937
487321
733354
990535
36919
167415
117602
863493
470683
550896
832521
120905
902184
161546
603109
707799
217540
71031
697187
709931
520470
959045
155716
453708
192576
108861
514927
648497
13155
328516
69506
914790
115295
448121
984106
698657
469153
233906
44674
965512
858110
696865
384812
661892
290524
509635
352756
761706
444566
385303
589369
372097
767126
106746
97303
592378
144749
667514
186986
502723
659655
845125
904909
812982
540929
119027
101161
81016
819725
902204
314219
897459
472809
161406
508194
496794
896773
740144
619877
86295
895755
95206
19184
864877
242012
222099
308069
741540
982201
86833
151943
748663
305363
377703
730819
605577
539093
544419
484489
402665
434058
655317
526329
489944
712277
828422
305204
254985
352326
567725
813870
924806
291596
57033
602498
892570
597986
528527
880885
47602
303774
451264
869699
507039
518378
499477
996818
694436
749740
39522
421150
65796
724661
990054
447398
404
900116
499413
56703
514330
973330
806292
459377
449361
805051
906653
834202
803915
177521
669150
70627
892191
782472
583861
74700
771154
631527
151261
989615
354935
658659
172336
806114
479627
46032
547006
458979
736978
90211
330305
637713
222003
30502
305594
114209
778908
22141
790086
510320
607949
450110
643478
580025
254757
290685
465114
231686
157679
206481
202717
101634
772491
117198
914079
587262
104203
125749
915340
43930
527728
9894
314246
271108
606389
855599
447772
343203
485041
413860
951013
211713
650598
256545
542894
958887
504117
367991
160893
822757
131438
920454
623429
818013
442839
641078
155351
998295
330252
118946
289828
72996
693836
607136
682898
191088
859780
670042
562977
677002
764187
846580
620424
205614
523270
991411
982906
58959
657728
717756
417288
360710
613865
634300
742243
787802
33239
776082
781217
582925
994871
650625
119434
696531
682957
304738
995328
199369
421557
259609
110941
965268
324775
302149
595408
696391
750737
355220
483930
902270
484297
143686
126214
407821
305926
72614
813259
905418
925738
323658
448163
32422
731325
977453
619697
969924
627799
604138
684799
322210
617503
620442
986768
701121
866999
131501
671406
826866
280016
623890
277170
544549
429690
112274
413654
762091
302930
919981
561469
514479
655070
534365
14793
779808
294698
88435
658931
431798
83470
844890
838231
165215
715602
39226
513089
564838
3453
991710
615683
294370
779965
264334
110182
321008
456502
923744
434924
668228
697938
711351
255922
403911
50983
950858
185408
117777
68606
604256
830373
904536
672769
96274
556272
865630
802548
479133
596513
851655
781032
916248
76419
418729
403949
940337
813021
955765
938446
411850
844530
679356
264142
562529
713062
74982
851704
856922
27002
109821
892162
452033
973721
661276
243516
628591
882570
8586
539917
20635
92897
686475
949508
691510
914098
512686
970599
941515
955388
549568
681989
472855
895814
226754
165637
890458
221050
667138
966362
833341
247725
573755
550731
636356
569963
140659
10797
605542
562193
315235
705330
849363
548507
398378
394071
374785
317343
764796
731531
46980
298027
131159
567210
978794
543106
515123
749766
496413
576883
122921
93295
167614
12186
107786
96309
859736
895672
573828
664133
611217
475604
223412
633104
261662
668993
714
255773
473474
220293
631943
748599
978390
404728
832292
310245
33772
728750
793784
803017
74300
31471
526766
625223
128339
658403
496113
763008
244912
762689
557833
774862
686245
123927
402704
750209
228626
875979
137286
93793
26886
411160
185755
502429
226614
725274
181362
623830
862399
234831
211815
155182
545342
734165
343524
363354
326854
78284
652966
254068
406860
941893
875300
601751
831468
638934
867382
777061
830292
664738
600317
197714
490432
445112
351525
543949
151459
272761
506667
284786
240980
564974
437512
662997
745742
383389
963297
107512
877422
873748
13842
91990
647495
864848
388736
507325
265502
207956
230736
865627
442906
50143
731166
491129
543325
424753
334369
973456
161723
166327
790707
438195
873906
981959
452762
883145
87231
789026
787639
873958
920679
104165
423962
538968
699583
145290
172613
69159
602483
53238
49716
685183
875438
976048
488064
529511
272363
479035
322317
207760
889838
31066
169957
346606
916533
896834
378967
702631
458402
48093
52435
588367
796905
213479
641844
470032
979320
591073
419940
341946
815337
944208
731988
772360
872939
281955
119286
264506
444328
162391
620482
798087
40638
758899
814589
84655
769028
770469
360561
867609
721403
566433
819056
918150
959003
495729
249711
971350
396891
413633
123284
597687
961319
292958
500806
265252
100520
85978
295047
68257
478450
368695
220414
852510
765380
335889
212136
628541
59930
746145
454982
660868
335211
893847
609582
433006
91810
601434
443343
211943
858953
676134
827259
672346
112709
653656
272452
979765
971119
203413
926588
807437
195759
308050
388115
410798
877031
703430
432842
661046
332766
770631
779390
73467
157588
877035
395477
642105
702176
852928
756391
313201
83212
306972
27881
302048
385186
428993
225013
820796
526013
892987
597902
229639
731367
803204
998674
916397
278696
265463
416603
159810
825730
508970
116238
865513
350786
749778
383013
989671
573655
267469
293887
7957
98740
665352
54174
384535
379425
883148
302441
70566
706568
651162
634727
523983
952957
113531
18505
551777
861306
296205
427485
545476
100611
84492
989967
859603
122349
886259
198128
653651
523787
424385
606190
582196
308130
273380
457443
21323
387256
351470
910400
723403
438232
398533
254974
955130
575084
299005
508344
329116
564877
850207
19633
431189
472008
955815
585145
357008
460286
913093
521697
639092
737145
320490
602940
157878
201990
484847
696497
206981
473608
812619
388785
960887
764827
21206
327019
231782
357817
530159
549072
151130
553885
928400
302660
534977
263064
451694
341786
91775
318598
597442
214883
12119
617593
780224
848681
960419
589820
384865
882070
896352
434025
684100
554928
48232
73179
578929
654282
845935
311321
661884
980243
382510
796342
161682
879979
453690
879773
933470
114233
568371
487432
878238
640097
456080
4567
441823
136764
700580
418598
948455
824871
127474
91938
274035
760956
511098
155501
610462
538175
805133
336237
331490
564841
891360
824620
940031
721989
152902
417621
717006
350445
56927
940222
492824
343364
964536
773145
409063
356292
649508
490970
153718
771066
215565
418557
130142
813544
167828
508745
162992
517001
107918
287920
65994
109512
314726
581194
379377
196582
579115
492756
999275
899927
409526
685097
22461
290735
323318
943155
255219
352733
594553
581901
913565
845707
602607
710701
304400
817007
64950
828479
741339
934106
413276
633556
707405
509986
235771
328819
315159
773147
89109
431820
372528
170459
825144
650712
960595
533774
651567
565186
428777
39013
830569
168385
390806
432100
127295
410488
932690
752504
647468
747671
820736
879678
893989
304694
201547
518567
929409
553027
626007
258084
328351
888633
667722
522526
567472
994602
168653
37368
488549
90571
480670
136005
327063
215701
597873
234459
981
819921
424304
891595
4102
398072
824805
521133
690853
270430
388749
563299
448942
139584
604372
363610
774110
285848
534552
948116
394324
718745
184681
561503
847436
645304
449252
610160
391459
532363
69918
584770
408970
298689
806381
195804
983376
671348
619524
694949
977481
699234
148453
442468
307850
998117
391012
838010
343025
69744
511576
591582
293407
59729
713170
188770
735734
817521
156495
812429
300389
468207
604413
858919
163763
551856
370246
538522
342581
91333
995583
379339
410749
940488
997505
126813
836164
127958
845438
369219
973373
856153
589897
73796
133636
852520
995760
788063
864667
33853
781343
371711
65652
847629
863283
57621
518584
594548
322734
826778
905638
156423
108228
269108
658735
22707
159063
655488
394400
289001
135995
120412
655389
944051
31002
444285
878688
385804
327549
99656
270652
283527
928596
106210
19872
843018
196634
474878
765787
345177
572335
231873
228420
914159
800516
344135
622075
165229
823799
19627
352693
296031
328783
979736
409364
644624
2303
387113
430494
580180
551452
629894
27974
374929
551884
879194
141056
21883
802408
178115
713286
954950
471099
583122
120028
590872
874359
235207
263879
173849
594907
501471
122392
920685
995654
998950
795564
416928
165886
816938
96520
419773
490296
828200
50806
720149
374926
911723
399624
523864
708304
655133
358162
804091
206016
221902
988880
568613
63719
93007
222774
457316
110152
817518
120431
235356
238666
295771
328144
374702
946470
123807
487278
720639
655193
462029
743983
673060
970140
635869
904819
786540
230689
458931
55516
380598
59352
789739
901736
80477
108134
615331
100309
823122
534183
364168
901068
780561
742207
240709
101933
614653
937076
664114
890568
628244
78709
443696
452305
233435
142097
74366
672612
171013
985499
975005
149017
492924
390597
251559
169974
36883
994805
42223
842323
811372
465908
436837
950993
395927
291496
500542
23982
46820
348758
89984
248746
83153
784048
245078
41340
346117
219665
478191
305774
953041
681894
191913
664584
333365
776837
634514
990067
722775
323259
433232
702548
313103
936843
871440
724465
442286
111692
523576
134288
518587
222564
71278
914845
638636
633371
668312
670167
302739
813831
570152
538450
806172
859245
717891
219851
467803
862165
503706
841013
848586
301940
787633
198848
561510
600879
866236
162153
826320
912972
460536
861537
761491
40124
973728
979413
762236
29227
845622
613442
548076
957029
945870
392172
183392
983141
130005
442711
576862
141615
564130
761906
858733
894423
467361
656153
80036
223718
901664
709907
599133
242395
197875
472497
718423
861823
234083
579193
469664
577526
583833
977145
734413
242310
719684
765118
603000
347329
649987
893440
183266
101561
693588
332492
793117
144927
66045
711283
663103
24119
99267
691222
416871
568395
326435
834699
828540
325181
761418
1802
179429
82835
503426
695287
220066
886652
832700
645503
226038
936015
333018
164447
512193
292858
178964
918947
552602
48532
384659
292811
720315
766230
330971
84026
606031
52979
1811
958829
944112
314060
204605
45023
997424
987594
922637
54093
232123
163247
809226
351801
515200
938389
68448
106020
984705
337749
414244
130199
748151
81020
306730
125806
587415
85513
963736
566527
256641
579961
24896
243425
76916
959854
118094
764664
21932
224204
631939
286436
84406
408682
315157
482772
735677
358983
594122
553732
884250
793113
841338
69024
299153
467639
197628
870628
408937
628592
75468
792489
900285
361716
156317
49613
592856
386330
516688
79504
644085
684380
631523
622034
433753
682575
779648
682147
745716
475572
646267
438532
392116
954260
661287
994400
833394
973848
188278
351889
879121
450931
582725
854783
216314
295844
954725
654666
198518
581959
573743
646076
869824
228282
960222
671002
700156
637217
330139
703980
118435
928276
945185
745486
619092
58873
674252
463698
876327
747335
397155
930365
112194
83622
443220
427766
757913
194529
710894
333635
361258
948636
132228
528742
908203
800089
337907
981817
151019
178868
887203
486666
713144
334108
269030
139864
227966
587217
197055
70645
224293
431994
322003
671910
696012
229637
212195
682489
406767
570739
827664
594266
162469
114923
108436
911497
926196
926472
101197
892416
482699
177078
870304
727805
341447
336671
709619
967657
679005
864706
86505
134482
618424
972968
859380
179726
687912
82509
792623
119684
965478
111978
930253
157213
64754
39233
829751
135279
320759
84027
28251
40014
153653
879275
282063
635347
570338
322689
515325
60177
558985
229864
975221
408976
451131
434897
635315
56385
159967
73069
488463
602910
30520
997310
770693
259789
734821
895350
110451
884572
341299
541803
731417
619732
261641
209739
543401
590487
321077
200650
894426
452533
577991
847255
139080
27717
692834
986530
777410
48490
476229
128974
810476
279510
170855
848882
599208
281239
976354
597675
975025
178633
393293
697231
141685
958536
771712
667778
133888
332454
402519
249816
576231
526708
913844
28054
298206
543537
466616
565080
823526
764672
934294
213503
279619
403020
97985
56162
162259
714293
795615
202141
904427
783595
909748
441597
431246
820093
827589
377084
391468
579766
855104
34817
221282
75548
891772
416684
606927
724671
681961
791443
701771
588599
476060
260743
614792
675775
648934
435343
399119
165561
697355
201794
625722
188083
543934
630060
540459
991307
117461
923360
376835
784828
352483
721322
266976
303741
225743
163917
400096
319838
496608
829349
409285
202724
842093
713190
737237
828075
604269
10829
410497
182171
898811
595538
892144
954366
932144
856247
897758
328634
853508
736302
791451
705006
909720
690539
828469
568700
765569
950633
813567
957017
191321
712638
213332
147468
360874
570775
114969
66962
908909
590522
317242
408531
694823
419892
817897
651564
486373
655209
360023
898727
49943
673004
681060
318915
752637
288422
190440
239096
951408
379666
597199
792723
152151
95802
554378
13255
209205
445573
145952
511477
853091
735280
324248
72152
331811
95645
778612
38318
363929
852609
888048
367724
640639
363947
759392
279104
242493
579770
360685
187337
452680
92620
678483
687233
658445
849304
553521
448671
546404
270874
288006
124167
960743
660970
30593
172559
421185
980504
991504
389833
45129
5361
120901
544761
525734
401159
539857
630308
143115
660480
921028
132339
568758
293650
968916
249290
606999
456871
587291
694278
756069
618750
607348
740625
570412
172976
648362
515579
628416
220824
538550
14615
951431
349574
763191
182829
971275
558835
571822
642121
234209
545925
906847
152591
738999
500967
15542
384622
194251
434575
558902
566636
515010
49718
725396
150620
273503
697073
341988
87161
7509
81134
716338
674873
776942
206418
945261
628160
763727
522011
575059
769663
15035
37779
902489
783578
971644
107790
976152
955667
860346
882478
630838
338413
336549
961999
445865
222670
569757
107024
262478
712984
265488
95878
380850
953350
666427
272624
260700
357451
108972
916671
128488
679679
417333
904401
147244
958941
743150
823058
101359
857870
111960
434750
631581
998661
599374
820329
467970
11261
340033
498319
323848
164866
738941
246903
550027
165781
10893
640161
558352
357458
344203
1063
994089
756024
946965
49350
861514
915749
66540
696310
261341
795470
948047
466226
92190
100868
153191
197763
402013
418937
227975
218768
672321
806929
571527
972989
601447
719751
290023
237730
938455
87708
979285
266611
790415
705990
600711
816774
154727
720866
380951
527518
953809
83695
833979
843958
583953
642835
270179
189271
635937
529501
443065
791390
145614
328090
528020
748959
174716
297112
868294
543970
436490
603074
5916
179991
953412
115033
876855
389047
379163
526225
587322
604310
255188
93668
155404
663314
751076
528232
83444
494469
816618
499820
903512
710247
133973
248293
462440
101996
277254
748768
157114
370992
876555
335496
787643
439484
539240
303577
222592
113713
311573
85574
184493
109535
409126
972258
98405
824381
929764
190710
232264
889225
974229
828278
130361
757310
479501
772789
677326
291009
953742
548158
786201
295544
900573
537188
922233
496190
361540
366098
474578
237018
259774
990697
944823
255089
120152
492625
464890
739322
911140
430975
924856
295975
516520
850608
633302
131202
530380
746319
567176
43935
79903
544706
624172
993631
874977
292074
404452
934174
272077
16499
499791
708003
3985
562442
150864
539493
51078
836762
833695
649098
436257
582049
572248
297218
423292
514217
614002
454281
778375
508880
950589
832525
293082
98542
753515
794996
967254
868492
424081
365361
630716
158521
394625
847302
505833
581265
985856
121010
921283
410535
804545
696631
934225
29967
253278
528625
807604
881244
367612
967865
716853
360514
146612
229703
261390
147821
811208
886343
112630
275234
922453
468240
551924
974856
315115
950637
381685
198216
942094
916864
899012
140816
748857
408607
889010
101632
976889
101999
836874
217294
248284
902910
636450
303827
804427
284283
807220
680595
436163
518502
851410
625460
824413
310829
145042
546166
95955
938692
35707
921688
303135
473435
681840
501153
794047
949427
373591
600209
10716
205783
870067
751985
601702
253070
960990
217308
899023
333806
738782
731049
987377
771021
942496
46323
770315
551639
181261
248760
649638
372893
909423
377485
957131
411135
581697
521343
593886
760772
371361
46595
512851
527825
238191
185499
209940
627965
328841
81847
278954
451620
241177
599816
378969
544941
611104
968016
289446
858395
259406
850222
447574
271990
756483
490576
523816
670802
279052
813543
890147
425501
477371
887778
772962
344611
514418
355240
518369
900461
180235
61587
462150
447393
206663
321511
582435
112033
373522
806010
884662
807085
330500
628974
140128
914975
847068
122590
707692
325426
635696
